A219BS010424 129.9679586320999 1558.1249977992848 -0.5660007629394528
A219BS010424 129.93185415980756 1557.6263031779092 -0.5663771824519002
A219BS010424 129.8956444769197 1557.127616128647 -0.5666700364691226
A219BS010424 129.85967316040612 1556.6289117675667 -0.5668269687502744
A219BS010424 129.82343036566894 1556.130227044215 -0.566907748188466
A219BS010424 129.78705183618086 1555.6315521994827 -0.5669504512005459
A219BS010424 129.75060544043714 1555.1328823089968 -0.5669741160067078
A219BS010424 129.7138555751615 1554.6342347116638 -0.5671192925750345
A219BS010424 129.67695398107935 1554.1355983412034 -0.5673252249844427
A219BS010424 129.63997652413187 1553.6369676042495 -0.5675615352851526
A219BS010424 129.60497598011187 1553.1381941682196 -0.5677079220340877
A219BS010424 129.57096410814813 1552.6393523272732 -0.5678093457372607
A219BS010424 129.5374466193394 1552.1404770204958 -0.5678882879080379
A219BS010424 129.50456283343772 1551.641559567114 -0.5680653069243028
A219BS010424 129.47199591615137 1551.1426213496995 -0.5682913637571363
A219BS010424 129.43958743635832 1550.643672827656 -0.5685419391757535
A219BS010424 129.40372523990987 1550.1449606174358 -0.5683568900333144
A219BS010424 129.3739924373468 1549.6458454542376 -0.5682372346811732
A219BS010424 129.34732619181736 1549.1465570568266 -0.5681502848857723
A219BS010424 129.32219346647383 1548.6471891151916 -0.5680796876521403
A219BS010424 129.29844571043648 1548.1477538106076 -0.5674311368288508
A219BS010424 129.27539042939645 1547.6482865192534 -0.5664936489754007
A219BS010424 129.2526813573161 1547.1488036592264 -0.5654117134451598
A219BS010424 129.241317893505 1546.6489332479414 -0.5647456714282235
A219BS010424 129.22660421604002 1546.1491498182024 -0.5645694505854004
A219BS010424 129.21021630635545 1545.6494184586602 -0.564638052485617
A219BS010424 129.2017852795987 1545.1494895792937 -0.5644553964604615
A219BS010424 129.19733242167445 1544.6495095026423 -0.5641471627641637
A219BS010424 129.1948677283312 1544.1495157150225 -0.5637761799273112
A219BS010424 129.18594439805642 1543.6495953474898 -0.5637935819755844
A219BS010424 129.1737938925627 1543.1497430488207 -0.5640050801705885
A219BS010424 129.16003104249094 1542.6499325959505 -0.564313559815841
A219BS010424 129.15323920505045 1542.1499787298574 -0.5642613805900436
A219BS010424 129.14993133823867 1541.6499897259707 -0.5640289808654653
A219BS010424 129.14836417290806 1541.1499922859496 -0.5637065446617872
A219BS010424 129.1399636332726 1540.6500628619729 -0.5637509986848196
A219BS010424 129.12814944106267 1540.1502025084883 -0.5639787634270192
A219BS010424 129.11463016024263 1539.6503854148712 -0.5642980973396734
A219BS010424 129.10798099362157 1539.1504296303838 -0.5642518275472528
A219BS010424 129.10476448016115 1538.650440028853 -0.564022912218573
A219BS010424 129.10326259897747 1538.1504423869958 -0.5637027713546984
A219BS010424 129.10256215652277 1537.650442877622 -0.5637002635437072
A219BS010424 129.09463743271886 1537.1505057669003 -0.5639902219270148
A219BS010424 129.0831046223643 1536.6506389804829 -0.5644262516984919
A219BS010424 129.0697700736505 1536.1508170814454 -0.564935224453892
A219BS010424 129.06127562752792 1535.6508899322173 -0.5657657963836756
A219BS010424 129.05519872693188 1535.1509278447654 -0.5667569522228321
A219BS010424 129.05032914132812 1534.650952706014 -0.5678282909211497
A219BS010424 129.0398642603995 1534.151063092028 -0.5687557045194713
A219BS010424 129.02660558416395 1533.6512396475653 -0.5696111985069212
A219BS010424 129.01195201297455 1533.1514550928284 -0.5704307702391401
A219BS010424 129.00281572423776 1532.6515393528414 -0.5713145922942666
A219BS010424 128.99643494653924 1532.151580907702 -0.5722304578912104
A219BS010424 128.99143006323447 1531.6516068255835 -0.5731623123569941
A219BS010424 128.988829247199 1531.151614346144 -0.5740319444790493
A219BS010424 128.9874287720562 1530.6516170106609 -0.5748705022936245
A219BS010424 128.98776108064635 1530.1516174948515 -0.5754818625709047
A219BS010424 128.9889585248845 1529.6516191766545 -0.5759797857966207
A219BS010424 128.99058790403623 1529.1516220262733 -0.5764210727376383
A219BS010424 128.99166145095768 1528.6516238789407 -0.5772578288857982
A219BS010424 128.99245748750397 1528.1516255821894 -0.5782920298424523
A219BS010424 128.9931149719212 1527.6516272976655 -0.579424808452079
A219BS010424 128.99576908787753 1527.1516348795665 -0.5801579605840934
A219BS010424 128.99837797168456 1526.6516419699076 -0.5806908921544667
A219BS010424 129.00096427256992 1526.151648846369 -0.5811238608908519
A219BS010424 129.00353929858997 1525.6516556239096 -0.5815069218431906
A219BS010424 129.00780784760556 1525.1516738879723 -0.5817148120591165
A219BS010424 129.0129218980862 1524.6517000566732 -0.5818352444209168
A219BS010424 129.018458069201 1524.151730712697 -0.5819120123299164
A219BS010424 129.02257150551662 1523.651747669505 -0.5821021762363944
A219BS010424 129.02597461180844 1523.1517593116723 -0.5823489538799693
A219BS010424 129.02902307749235 1522.6517686805514 -0.5826239962029822
A219BS010424 129.0335344292341 1522.1517890565074 -0.5827764634494326
A219BS010424 129.03877612621048 1521.6518165409802 -0.58286773343016
A219BS010424 129.0443824477409 1521.1518479764961 -0.5829284502748632
A219BS010424 129.0491473726341 1520.6518816880778 -0.5862459698145855
A219BS010424 129.05362290275397 1520.1519214110351 -0.5906834251277648
A219BS010424 129.05595863127382 1519.8909978005104 -0.5929992828369137
A219BS010622 129.05595863127382 1519.8909978005104 -0.5929992828369137
A219BS010622 129.04523364630438 1519.391112951493 -0.5933345741418624
A219BS010622 129.03450866133494 1518.8912281024755 -0.5936698654468111
A219BS010622 129.0237836763655 1518.391343253458 -0.5940051567517598
A219BS010622 129.01305869139605 1517.8914584044405 -0.5943404480567085
A219BS010622 129.0023337064266 1517.391573555423 -0.5946757393616572
A219BS010622 128.9914645876878 1516.8916918195705 -0.5950110285785358
A219BS010622 128.980595468949 1516.391810083718 -0.5953463177954145
A219BS010622 128.96972635021018 1515.8919283478654 -0.5956816070122931
A219BS010622 128.95885723147137 1515.3920466120128 -0.5960168962291718
A219BS010622 128.94798811273256 1514.8921648761602 -0.5963521854460504
A219BS010622 128.9371813015825 1514.3922818431083 -0.5967597385813734
A219BS010622 128.9264056443752 1513.8923981682847 -0.5972034236711744
A219BS010622 128.9156455641758 1513.392514174282 -0.5976651747364731
A219BS010622 128.90489327248943 1512.8926300211167 -0.5981359587889337
A219BS010622 128.89414487506173 1512.3927457884768 -0.5986112593347683
A219BS010622 128.88339842476393 1511.892861516126 -0.5990888181272103
A219BS010622 128.87259025632267 1511.3929785192624 -0.5995046807088822
A219BS010622 128.86175122893331 1510.893096165854 -0.5998896951805789
A219BS010622 128.85089677210144 1510.393214135601 -0.6002592855967243
A219BS010622 128.84003460055638 1509.8933322672829 -0.600621163985155
A219BS010622 128.82916857165682 1509.393450480021 -0.6009791863598332
A219BS010622 128.81830061408058 1508.89356873331 -0.6013352807277049
A219BS010622 128.80752033563323 1508.3936850691816 -0.6016638139176068
A219BS010622 128.79678389688593 1507.8938004526813 -0.6019785665146824
A219BS010622 128.78606937802147 1507.393915361579 -0.6022864288147346
A219BS010622 128.77536581910618 1506.8940300335719 -0.602590845966253
A219BS010622 128.6884782984772 1506.4016379621642 -0.6033698028356486
A219BS010622 128.56371142661567 1505.917455969547 -0.6043825768352542
A219BS010622 128.42043893982566 1505.438423897958 -0.6055090395290477
A219BS010622 128.2681206340204 1504.9621910380827 -0.6066909411741817
A219BS010622 128.1113689243163 1504.4873990418068 -0.6078999810173351
A219BS010622 127.95244029607899 1504.0133313283218 -0.6091223384691137
A219BS010622 127.74300271256274 1503.5593094311314 -0.6089979100254908
A219BS010622 127.50944847331859 1503.1172101311497 -0.6082065271654389
A219BS010622 127.26432353650952 1502.6814205984106 -0.607089159989301
A219BS010622 127.01360633505452 1502.24882464866 -0.6058127767749678
A219BS010622 126.76017329415498 1501.8178143696996 -0.6044588156144879
A219BS010622 126.50541783646791 1501.3875845246005 -0.6030669949756347
A219BS010622 126.24719007982654 1500.9594306485067 -0.6014286770057858
A219BS010622 125.94461943777914 1500.5613933618183 -0.6055910052983529
A219BS010622 125.6215386836233 1500.1798571520976 -0.6125872161281426
A219BS010622 125.28881373425986 1499.8067296893173 -0.6209540907064097
A219BS010622 124.95149183142061 1499.4377684417632 -0.629983579521759
A219BS010622 124.6119612390051 1499.0708467158065 -0.63933365090894
A219BS010622 124.20937130878849 1498.7743787277543 -0.6446327214404347
A219BS010622 123.78090482632795 1498.5166849683424 -0.6478575885824933
A219BS010622 123.34138730114377 1498.278316763709 -0.6500811163689498
A219BS010622 122.89693547584551 1498.0492763259629 -0.6518283616645523
A219BS010622 122.4502177345218 1497.8246857108975 -0.6533499434782813
A219BS010622 122.00244368979727 1497.6022078394972 -0.6547647255115046
A219BS010622 121.55082071463995 1497.3876483289473 -0.6557159051444034
A219BS010622 121.08182822815019 1497.2143103712951 -0.6557086143016378
A219BS010622 120.60590022194539 1497.0610383289345 -0.6552460772838143
A219BS010622 120.12700008178221 1496.917322645789 -0.654569194924123
A219BS010622 119.64676743960827 1496.7781249281052 -0.6537915174678285
A219BS010622 119.16592259266403 1496.641057235295 -0.6529664387701133
A219BS010622 118.68479299004579 1496.5049925909466 -0.6521190647377626
A219BS010622 118.20358223806163 1496.3692152611989 -0.651265307500838
A219BS010622 118.05395861744182 1496.3269978011958 -0.650999847412109
A219BS010422 118.05395861744182 1496.3269978011958 -0.650999847412109
A219BS010422 117.55421968974704 1496.3144122379078 -0.640870299386523
A219BS010422 117.05448076205226 1496.3018266746199 -0.6307407513609368
A219BS010422 116.55474183435749 1496.2892411113319 -0.6206112033353507
A219BS010422 116.05500905929993 1496.276648535547 -0.610191003319233
A219BS010422 115.55527628424238 1496.2640559597623 -0.5997708033031155
A219BS010422 115.05535283560702 1496.2574079990452 -0.5940830864643376
A219BS010422 114.55537736589739 1496.253733351393 -0.5907624459753971
A219BS010422 114.05538672075922 1496.2515453217734 -0.5886253215745776
A219BS010422 113.55542634279288 1496.2453011204007 -0.5878313360720643
A219BS010422 113.05549478682475 1496.2370292191997 -0.587708870543212
A219BS010422 112.55553156690519 1496.2309742072694 -0.5880488090491032
A219BS010422 112.05557393676666 1496.2244652106358 -0.5880167296460657
A219BS010422 111.55561935924584 1496.2177292719325 -0.587798679752978
A219BS010422 111.05566637226535 1496.21087988667 -0.5874876639870558
A219BS010422 110.55570133740721 1496.2051220107915 -0.5861420099915471
A219BS010422 110.0557319757643 1496.19990979845 -0.5842791463646908
A219BS010422 109.55576087499603 1496.1949703645712 -0.5821577342154735
A219BS010422 109.05580195366613 1496.1888028686312 -0.5804144681787231
A219BS010422 108.55583552500813 1496.1833708755853 -0.5783986143858107
A219BS010422 108.05586580482715 1496.1783065595039 -0.5762464980367512
A219BS010422 107.55591016243335 1496.171857912928 -0.5745819873145683
A219BS010422 107.05596317256922 1496.1647172699627 -0.5731612326440981
A219BS010422 106.55602091160932 1496.1572307114484 -0.5718623300648833
A219BS010422 106.05605605058136 1496.1513678304143 -0.5709880513524551
A219BS010422 105.55608200407606 1496.1463166360252 -0.570326042013598
A219BS010422 105.05610389367764 1496.141671197447 -0.5697701437802659
A219BS010422 104.55612665834816 1496.1369681609392 -0.56896665146672
A219BS010422 104.05614990890022 1496.1322363326071 -0.568039390927124
A219BS010422 103.55617178572523 1496.1276965316395 -0.5669139782972304
A219BS010422 103.05619303293155 1496.1232527225725 -0.5656895127617069
A219BS010422 102.55621397966642 1496.1188568984212 -0.5644155323257342
A219BS010422 102.05623216213317 1496.1146895212778 -0.5635127012846056
A219BS010422 101.55624910519812 1496.1106363423057 -0.5627954021128649
A219BS010422 101.05625342330114 1496.1086757578917 -0.5621067852898383
A219BS010422 100.5562547142712 1496.1077612511674 -0.561432510977651
A219BS010422 100.05625531264273 1496.107369659707 -0.560765407312545
A219BS010422 99.55626803306386 1496.1038686793574 -0.5600846754208056
A219BS010422 99.05629406231411 1496.0988133980738 -0.559397140787697
A219BS010422 98.55632855560027 1496.0929811850747 -0.5587062081520031
A219BS010422 98.05633554355003 1496.0904511769204 -0.5579400752202377
A219BS010422 97.55633696261123 1496.089571911807 -0.557136363801981
A219BS010422 97.05634025758584 1496.0909448870393 -0.5559489705355983
A219BS010422 96.55634840358763 1496.0934436516368 -0.5545698001628693
A219BS010422 96.0563599521041 1496.0965051346673 -0.5530947731255182
A219BS010422 95.5563711818341 1496.09960170157 -0.5518138057949101
A219BS010422 95.05638228137526 1496.1027158047755 -0.5506298382305067
A219BS010422 94.55639332312646 1496.10583867336 -0.5494943554828953
A219BS010422 94.05645717608179 1496.1137143353433 -0.5481442345793387
A219BS010422 93.5565490090114 1496.1231906904957 -0.5467218459699792
A219BS010422 93.30295858124737 1496.1279977993108 -0.5460003051757809
A219BS010092 93.30295858124737 1496.1279977993108 -0.5460003051757809
A219BS010092 92.80317064880583 1496.1425265183632 -0.5450313322605476
A219BS010092 92.3033827163643 1496.1570552374155 -0.5440623593453143
A219BS010092 91.80608914797422 1496.2089756171486 -0.5459011106176663
A219BS010092 91.31012291845921 1496.2723409484954 -0.5474288422599888
A219BS010092 90.8177845510413 1496.3595323296279 -0.5482002205544294
A219BS010092 90.32544618362338 1496.4467237107604 -0.5489715988488698
A219BS010092 89.84034681282803 1496.5674716097171 -0.5390445977164031
A219BS010092 89.35683298495012 1496.6947742882671 -0.5361452383298587
A219BS010092 88.8746619662589 1496.8271029231992 -0.5366362691948754
A219BS010092 88.39457451909315 1496.966775758622 -0.5393825610334889
A219BS010092 87.9275372999571 1497.1453136669022 -0.5387108106523781
A219BS010092 87.46050008082103 1497.3238515751825 -0.5380390602712662
A219BS010092 86.99928942120643 1497.516939625989 -0.5367229699765638
A219BS010092 86.5382324660088 1497.7103920498712 -0.5350970062699326
A219BS010092 86.22695856931387 1497.8409978006966 -0.5339992675781247
A219BS010619 86.22695856931387 1497.8409978006966 -0.5339992675781247
A219BS010619 85.79735086959003 1498.0968047139988 -0.5342170858668508
A219BS010619 85.36774316986619 1498.352611627301 -0.5344349041555769
A219BS010619 84.93813547014233 1498.6084185406032 -0.5346527224443031
A219BS010619 84.50852777041847 1498.8642254539054 -0.5348705407330292
A219BS010619 84.14910011269912 1499.2117874117096 -0.5383981962862605
A219BS010619 83.78967245497978 1499.5593493695137 -0.5419258518394919
A219BS010619 83.43024479726046 1499.9069113273179 -0.5454535073927232
A219BS010619 83.07081713954115 1500.254473285122 -0.5489811629459546
A219BS010619 82.71138948182185 1500.6020352429261 -0.5525088184991859
A219BS010619 82.35554092426645 1500.953260465689 -0.5560650778948097
A219BS010619 82.00149603629738 1501.3063036208237 -0.5596355002156712
A219BS010619 81.64835643331915 1501.6602522364844 -0.5632129686216027
A219BS010619 81.29567031336728 1502.014652684224 -0.5667939510565743
A219BS010619 80.9972669001351 1502.415837262904 -0.5693112513683743
A219BS010619 80.72869109608212 1502.837575570669 -0.5712701390148236
A219BS010619 80.47544407133519 1503.2686940336553 -0.5729480332867876
A219BS010619 80.2298880198663 1503.7042395067679 -0.5744863564248072
A219BS010619 79.98815402265502 1504.1419180597559 -0.5759556577975031
A219BS010619 79.74831150065894 1504.5806360839706 -0.5773908830922777
A219BS010619 79.55787964513924 1505.0429451797984 -0.5798420702177057
A219BS010619 79.39283602174073 1505.5149112063943 -0.5827869156505183
A219BS010619 79.24043485428616 1505.9911083779127 -0.5859709377068348
A219BS010619 79.09426246086997 1506.4692534808903 -0.5892712258063201
A219BS010619 78.97983545135367 1506.9559836033125 -0.5897686391920405
A219BS010619 78.88115873305654 1507.4461490187728 -0.5888907139803138
A219BS010619 78.79021157681662 1507.937805621024 -0.5873414448782948
A219BS010619 78.70304381664316 1508.4301451986537 -0.5854647761069317
A219BS010619 78.64556436248473 1508.9268057870972 -0.5805279515577257
A219BS010619 78.60267224085256 1509.424921207144 -0.5741018941676891
A219BS010619 78.56689909351142 1509.9235885987246 -0.566952453373549
A219BS010619 78.53459340748407 1510.422487464213 -0.5594514757951718
A219BS010619 78.50397557085725 1510.921490159562 -0.5517795715527559
A219BS010619 78.4738712615134 1511.420523296915 -0.5440556876574173
A219BS010619 78.46195855858969 1511.6179977995344 -0.5409992370605465
A219BS010093 78.46195855858969 1511.6179977995344 -0.5409992370605465
A219BS010093 78.43663481067006 1512.117350458108 -0.5386264398005022
A219BS010093 78.42019482804335 1512.6170788650134 -0.5375100604199454
A219BS010093 78.40406084848311 1513.1168173592514 -0.5364460678587701
A219BS010093 78.39181649263247 1513.616667268166 -0.5360661891999947
A219BS010093 78.3815173108661 1514.116561182338 -0.5360283896703361
A219BS010093 78.375664901418 1514.616526668026 -0.5355161157781347
A219BS010093 78.37203607772271 1515.1165129377284 -0.5347666175169725
A219BS010093 78.36951899993662 1515.6165058484053 -0.5338985206078637
A219BS010093 78.36426906372894 1516.1164777575184 -0.5331717003654953
A219BS010093 78.35512026569772 1516.6163937414676 -0.5326162846083093
A219BS010093 78.34402237958396 1517.1162703425398 -0.532146577902011
A219BS010093 78.3319501372111 1517.6161243999995 -0.5317197229329951
A219BS010093 78.32326537773639 1518.1160488207033 -0.5313343181341166
A219BS010093 78.31627430940506 1518.6159998102767 -0.5309696426114148
A219BS010093 78.31012997913916 1519.115961930511 -0.530615331612217
A219BS010093 78.30575823106741 1519.6159427580606 -0.5303705835209752
A219BS010093 78.30326393804638 1520.1159365173653 -0.5302321691284521
A219BS010093 78.30170822216509 1520.615934089839 -0.5301469130527326
A219BS010093 78.3006217086932 1521.1159329058823 -0.5300882312517501
A219BS010093 78.29860707866902 1521.6159288214728 -0.5299280479728942
A219BS010093 78.29612848128033 1522.1159226335005 -0.5297171238188368
A219BS010093 78.29341794593282 1522.615915230611 -0.5294808342079833
A219BS010093 78.28990573482861 1523.1159028601655 -0.529294646802075
A219BS010093 78.28624843933694 1523.6158894270523 -0.5290556434982214
A219BS010093 78.28251861599526 1524.1158754448343 -0.5287902374279576
A219BS010093 78.2787525358703 1524.6158611836506 -0.5285116325645803
A219BS010093 78.2742317509374 1525.1158406546574 -0.5282098457338961
A219BS010093 78.2693336909078 1525.615816564881 -0.5278964704334757
A219BS010093 78.26424703150644 1526.115790588234 -0.5275773021056412
A219BS010093 78.25928460034186 1526.6157659011233 -0.527330769977688
A219BS010093 78.25522632104321 1527.1157494092442 -0.5271825260093558
A219BS010093 78.25154755680816 1527.6157358695384 -0.527103683575928
A219BS010093 78.24805851318932 1528.1157236940157 -0.5270595350266628
A219BS010093 78.24466431115378 1528.615712172557 -0.5270327299621792
A219BS010093 78.24143891147122 1529.115701746941 -0.5268833841516318
A219BS010093 78.2382978963357 1529.6156918365127 -0.5266727802026033
A219BS010093 78.23519906509948 1530.115682175474 -0.5264315533041133
A219BS010093 78.23200919761712 1530.6156719787 -0.5262852132351686
A219BS010093 78.22877382118446 1531.115661501147 -0.5261863071102469
A219BS010093 78.22551569484325 1531.615650879993 -0.5261111132200625
A219BS010093 78.22249518556283 1532.1156417249222 -0.5259336005979748
A219BS010093 78.21959346139903 1532.615633252561 -0.5257049388403566
A219BS010093 78.21675111799478 1533.1156251089453 -0.5254507076326204
A219BS010093 78.21371539991969 1533.6156158929318 -0.5254321527140866
A219BS010093 78.21058301424404 1534.1156060711428 -0.5255314124064535
A219BS010093 78.20740230454848 1534.6155959291127 -0.5256895676138137
A219BS010093 78.2044357399634 1535.1155871120973 -0.5258177559380692
A219BS010093 78.20105420696257 1535.615575670831 -0.5258975679627694
A219BS010093 78.19805602796767 1536.1155666798302 -0.525940494517419
A219BS010093 78.19524948825317 1536.6155588025033 -0.5259649820212439
A219BS010093 78.19253874908885 1537.1155514541092 -0.5259802518500978
A219BS010093 78.18931665319118 1537.615541051723 -0.5261229960251321
A219BS010093 78.18583893149349 1538.1155289143983 -0.52632946454419
A219BS010093 78.18223342300233 1538.6155158577378 -0.5265677887959691
A219BS010093 78.17912933380106 1539.115506201205 -0.5267129427155236
A219BS010093 78.1762759050326 1539.6154980493652 -0.5268115207815951
A219BS010093 78.17354778142588 1540.115490600982 -0.5268868156184681
A219BS010093 78.17031817925194 1540.6154801390612 -0.52706424500553
A219BS010093 78.16683788966179 1541.1154679742917 -0.5272927312926748
A219BS010093 78.16323228212656 1541.6154549091946 -0.5275467408299201
A219BS010093 78.160128353455 1542.115445251043 -0.5277006403319091
A219BS010093 78.15727521464179 1542.6154370997897 -0.5278044948913483
A219BS010093 78.15454744551965 1543.1154296527945 -0.5278833320614134
A219BS010093 78.15145266587679 1543.6154200429592 -0.5280624465823002
A219BS010093 78.14817441898238 1544.1154092433876 -0.5282916895382131
A219BS010093 78.14480445735613 1544.6153978219463 -0.5285459915854396
A219BS010093 78.14361239941381 1545.1153959201479 -0.5292393837010979
A219BS010093 78.1435090931945 1545.615395076107 -0.5301522735929853
A219BS010093 78.14395004816666 1546.115393835925 -0.5311748875277308
A219BS010093 78.14466307481197 1546.6153921665873 -0.5322523511733884
A219BS010093 78.1378532741759 1547.1153449073652 -0.5331923532661969
A219BS010093 78.12728292349465 1547.6152324034108 -0.5340635499804165
A219BS010093 78.11483307711205 1548.115076680276 -0.5349003356760003
A219BS010093 78.10144387778104 1548.614896705512 -0.5357199174484358
A219BS010093 78.08758519052172 1549.1147039474522 -0.536530899302378
A219BS010093 78.06791844742037 1549.6143165544022 -0.537210746684959
A219BS010093 78.04534949673186 1550.1138065594516 -0.5378250109917713
A219BS010093 78.02133032948758 1550.6132289673264 -0.5384064895812247
A219BS010093 77.99658645421532 1551.1126160129218 -0.5389715808058128
A219BS010093 77.97148040949527 1551.6119849911133 -0.5395284816334548
A219BS010093 77.94619336784422 1552.11134484125 -0.540081289026237
A219BS010093 77.9061282470745 1552.609736987892 -0.5403142339478928
A219BS010093 77.85868661095739 1553.1074811850904 -0.540387156586472
A219BS010093 77.80756342097119 1553.6048607377422 -0.5403801229165717
A219BS010093 77.75460229289389 1554.1020479426322 -0.5403331501153127
A219BS010093 77.700723409188 1554.5991365277075 -0.5402662284667888
A219BS010093 77.646386193087 1555.0961752193955 -0.5401893428402685
A219BS010093 77.59182006688197 1555.5931888320556 -0.5401074804403352
A219BS010093 77.52115534381605 1556.088170101435 -0.539907786839036
A219BS010093 77.44247232892153 1556.5819402061811 -0.5396492792467901
A219BS010093 77.35979355127783 1557.0750569640295 -0.5393614314523631
A219BS010093 77.27512223730254 1557.567835491455 -0.5390589449714219
A219BS010093 77.18945688963481 1558.0604421826788 -0.5387491536097655
A219BS010093 77.10329551993765 1558.5529623549855 -0.5384357166314272
A219BS010093 77.01606381045427 1559.0452940859295 -0.5381265785122217
A219BS010093 76.92829801711184 1559.5375308899934 -0.5378195866264205
A219BS010093 76.84026568668243 1560.0297200967136 -0.537513666119096
A219BS010093 76.75210033017484 1560.5218854923394 -0.537208280398773
A219BS010093 76.66386857924866 1561.0140389897679 -0.5369031616131102
A219BS010093 76.57560368971806 1561.5061865451412 -0.5365981760636531
A219BS010093 76.48732225998616 1561.9983311338433 -0.5362932570164158
A219BS010093 76.3990325746411 1562.4904742415938 -0.5359883711623183
A219BS010093 76.31073876871119 1562.9826166101104 -0.5356835018758239
A219BS010093 76.22244290609109 1563.474758609643 -0.5353786408586649
A219BS010093 76.13788709318744 1563.9675566150854 -0.534715062567332
A219BS010093 76.05519994612209 1564.4606713336948 -0.5338724469913158
A219BS010093 75.97344592917214 1564.9539414545634 -0.5329404755511055
A219BS010093 75.89237165476844 1565.4473236272142 -0.531943610334786
A219BS010093 75.81163670333908 1565.9407613722794 -0.5309143568356155
A219BS010093 75.73107112478769 1566.434226765851 -0.5298689383018649
A219BS010093 75.65059008496644 1566.927705937038 -0.5288154517366046
A219BS010093 75.57015123988323 1567.4211919792592 -0.5277579383744305
A219BS010093 75.48973345469781 1567.914681449498 -0.5266984152139124
A219BS010093 75.40943670415969 1568.4081906498063 -0.5256490992428723
A219BS010093 75.32920036464449 1568.9017096863415 -0.524604877772266
A219BS010093 75.24899417712675 1569.3952336294174 -0.5235631990067047
A219BS010093 75.16880303878462 1569.8887600206865 -0.5225227893236392
A219BS010093 75.08861941161439 1570.3822876336922 -0.5214830130484657
A219BS010093 75.00843953332708 1570.8758158564317 -0.5204435529114813
A219BS010093 74.92826152613395 1571.3693443834827 -0.5194042505611953
A219BS010093 74.84800828967704 1571.8628606764373 -0.518361836754012
A219BS010093 74.76771750649173 1572.3563708589757 -0.5173178700070201
A219BS010093 74.68740798365847 1572.849877990694 -0.5162731281796962
A219BS010093 74.60708910778563 1573.343383599461 -0.5152279995051854
A219BS010093 74.52676556375933 1573.8368884480467 -0.5141826777528107
A219BS010093 74.44643968982925 1574.330392917204 -0.5131372596340245
A219BS010093 74.36611265302936 1574.8238971969822 -0.5120917934181297
A219BS010093 74.2857850358336 1575.3174013822388 -0.5110463031966505
A219BS010093 74.20545712895844 1575.810905520319 -0.5100008009938248
A219BS010093 74.12512907750236 1576.3044096348528 -0.5089552928110295
A219BS010093 74.04480095876876 1576.79791373843 -0.5079097818455782
A219BS010093 73.97495854989393 1577.22699779924 -0.5070007476806637
A219BS010430 73.97495854989393 1577.22699779924 -0.5070007476806637
A219BS010430 73.95522005114864 1577.7265292317948 -0.5158742789486243
A219BS010430 73.93863482054734 1578.2262254214868 -0.5212266740449586
A219BS010430 73.92374274423051 1578.725995852292 -0.5240092188894747
A219BS010430 73.91366997543685 1579.2258911601969 -0.5258037838753756
A219BS010430 73.90600678742874 1579.725830740536 -0.5271043837124622
A219BS010430 73.89954812694873 1580.2257879141785 -0.5281580573159297
A219BS010430 73.89459320205064 1580.7257628018926 -0.5289066389060203
A219BS010430 73.8916288216905 1581.225753931612 -0.5291941297466491
A219BS010430 73.88965943315337 1581.7257500498552 -0.5292511426741315
A219BS010430 73.88818738610406 1582.2257478795418 -0.5291929530397677
A219BS010430 73.88629193377952 1582.725744053784 -0.5296756577029813
A219BS010430 73.88418484803586 1583.2257390468421 -0.5304287224608526
A219BS010430 73.88197198007613 1583.725733361124 -0.5313169235435697
A219BS010430 73.88036245632698 1584.225730596727 -0.5317338437484137
A219BS010430 73.87905450908606 1584.7257288531084 -0.5319151989250434
A219BS010430 73.87789730155376 1585.225727509931 -0.5319788096915428
A219BS010430 73.87615597750481 1585.7257242983494 -0.5324023208515307
A219BS010430 73.87412269087979 1586.2257197999797 -0.5330057237124701
A219BS010430 73.87194347080253 1586.7257145702606 -0.533699043064534
A219BS010430 73.87254646170645 1587.225713215413 -0.534694657370554
A219BS010430 73.87868838323048 1587.7256751930563 -0.5352402863905422
A219BS010430 73.88759875352959 1588.225595689207 -0.5355609569771571
A219BS010430 73.89789271364558 1588.7254896689917 -0.535769187824742
A219BS010430 73.9022315457626 1589.2254705169937 -0.5363402982257021
A219BS010430 73.90359357564944 1589.7254680956676 -0.5370927573855147
A219BS010430 73.90346788802312 1590.2254673690845 -0.5379358381401159
A219BS010430 73.90842264551 1590.7254422269648 -0.538705166265146
A219BS010430 73.91683861574957 1591.2253711867456 -0.5391597180109902
A219BS010430 73.92698410998241 1591.7252681567256 -0.5394569579119827
A219BS010430 73.93799381519189 1592.2251468806105 -0.5396755864924913
A219BS010430 73.94961791273325 1592.725011676914 -0.5399320489083541
A219BS010430 73.96154901605317 1593.2248692295689 -0.5402074167789765
A219BS010430 73.97363352851004 1593.7247230916516 -0.5404922316688698
A219BS010430 73.99372307202478 1594.2243190923691 -0.540988526316288
A219BS010430 74.01781143665848 1594.7237381432244 -0.5415904665561918
A219BS010430 74.04389725640495 1595.223056780329 -0.5422451787588881
A219BS010430 74.08288565320629 1595.72153139923 -0.5439654189958381
A219BS010430 74.14008508683465 1596.2182453603275 -0.5458270428094871
A219BS010430 74.20635886447808 1596.7138299204555 -0.5477584048898773
A219BS010430 74.28709681223987 1597.207266681365 -0.5490020987269516
A219BS010430 74.37503075354162 1597.6994727480342 -0.5499020438303174
A219BS010430 74.48192386298226 1598.187912981383 -0.5498620409724531
A219BS010430 74.60993915231236 1598.6712471671492 -0.5502500712046867
A219BS010430 74.74840338364402 1599.151692059973 -0.5508514041658509
A219BS010430 74.90140095835234 1599.627708015857 -0.5515942884945825
A219BS010430 75.07781182417229 1600.0955532830728 -0.5514830926515941
A219BS010430 75.26572801812215 1600.5588968014247 -0.5509463871239466
A219BS010430 75.47519573275311 1601.0129046814836 -0.551294771552393
A219BS010430 75.70817960471227 1601.4553055351003 -0.5512835344587161
A219BS010430 75.95467763044766 1601.890320178902 -0.550292077565304
A219BS010430 76.22226324384735 1602.3126918655232 -0.5499792801684545
A219BS010430 76.50923582108402 1602.7221387291395 -0.5499031954923799
A219BS010430 76.80558169550116 1603.1248534184856 -0.5499444373033018
A219BS010430 77.12162704641227 1603.5123003673018 -0.5503894321894706
A219BS010430 77.45885675021825 1603.8814512538427 -0.5523258817903082
A219BS010430 77.81325434299298 1604.2341555704718 -0.5537440731219198
A219BS010430 78.17884773068415 1604.5752421488787 -0.554936091237214
A219BS010430 78.55741703876743 1604.9018688867548 -0.5544330189040778
A219BS010430 78.95024232075498 1605.21120116018 -0.5530756505108596
A219BS010430 79.34979252836932 1605.511794697641 -0.5512989029182706
A219BS010430 79.75873800546779 1605.7994791669623 -0.5501840612123142
A219BS010430 80.17924877559032 1606.0699781419917 -0.5491857030448078
A219BS010430 80.60723896735966 1606.3284816222383 -0.5485971033671928
A219BS010430 81.04808931273193 1606.5643860128919 -0.5482946871597612
A219BS010430 81.49488686347983 1606.7888229214389 -0.5481439305861922
A219BS010430 81.95297458130025 1606.989211636953 -0.5480699264655394
A219BS010430 82.42157029671402 1607.1636192321653 -0.5482849338148807
A219BS010430 82.89477206136611 1607.3251121516714 -0.5486411353801904
A219BS010430 83.36926660820481 1607.482763115836 -0.5496892376383586
A219BS010430 83.85168752524547 1607.6141750445097 -0.5506709727854586
A219BS010430 84.33962041636617 1607.723356064896 -0.5516702474997177
A219BS010430 84.83178888089958 1607.811499958694 -0.5525957230458343
A219BS010430 85.32682879214178 1607.8817505156514 -0.553183536335235
A219BS010430 85.82369883715748 1607.9376039224924 -0.5539287278315275
A219BS010430 86.3213067898804 1607.986447045573 -0.5547501379904023
A219BS010430 86.81994871022707 1608.0232578324697 -0.5558461494080558
A219BS010430 87.31913086060266 1608.0517855359535 -0.557676690402505
A219BS010430 87.81852516783142 1608.076291536556 -0.5598634327220703
A219BS010430 88.31803067972726 1608.0984213944853 -0.5619878087985379
A219BS010430 88.81786925539349 1608.1110705076037 -0.5631702694823796
A219BS010430 89.31780395257279 1608.1191186382841 -0.563895630634157
A219BS010430 89.81776986480659 1608.124935245993 -0.5643992961800648
A219BS010430 90.31772468233216 1608.131601090903 -0.5652635557586946
A219BS010430 90.8176735069948 1608.1386787290762 -0.5663026690063889
A219BS010430 91.31761928155774 1608.145956046183 -0.5674265695265046
A219BS010430 91.8175849150707 1608.1518176166182 -0.5673411410429786
A219BS010430 92.31755768199567 1608.1569926490263 -0.5666692980780498
A219BS010430 92.81754731798499 1608.1602101357992 -0.5665612141757856
A219BS010430 93.31754214571654 1608.162478377838 -0.5667265010373097
A219BS010430 93.81754045680911 1608.1637704748105 -0.5668657489946627
A219BS010430 94.31753296025799 1608.1664391834145 -0.5662537936754464
A219BS010430 94.81752087679128 1608.1697753989822 -0.5652775834543678
A219BS010430 95.31750615280646 1608.1734352816468 -0.5641247491643725
A219BS010430 95.81750075390318 1608.175688379669 -0.5635569257409014
A219BS010430 96.31749820527695 1608.1772593274566 -0.563272773003177
A219BS010430 96.81749624806329 1608.1786512900833 -0.5631325950259995
A219BS010430 97.31749207284733 1608.1806934887297 -0.5630646007325738
A219BS010430 97.81748651396741 1608.18305097902 -0.5630316076229104
A219BS010430 98.31748021170621 1608.1855613504667 -0.5630155862123626
A219BS010430 98.8174773684861 1608.187247515249 -0.5630078173138302
A219BS010430 99.31747571335134 1608.1885340290721 -0.563004049980847
A219BS010430 99.8174741464488 1608.1897857865367 -0.5630022231691193
A219BS010430 100.317470250674 1608.191759554211 -0.5630013373682746
A219BS010430 100.81746485031574 1608.1940834149893 -0.5630009078536306
A219BS010430 101.31745863215518 1608.1965770312104 -0.5630006995866451
A219BS010430 101.81744408546513 1608.200386547242 -0.5631852695069026
A219BS010430 102.31742422900452 1608.2048341195123 -0.5634594359499872
A219BS010430 102.81741088165988 1608.2084834764423 -0.563630784948455
A219BS010430 103.31740022411876 1608.2117457864717 -0.5637522790407987
A219BS010430 103.8173907611707 1608.214820422596 -0.5638495992163371
A219BS010430 104.31737589964298 1608.2186615432074 -0.5641768595008554
A219BS010430 104.81735795935005 1608.222874317297 -0.5646156140502706
A219BS010430 105.31733841780921 1608.227267299326 -0.5651084302979852
A219BS010430 105.81732028370774 1608.2315033683321 -0.5655437370789317
A219BS010430 106.3173082868899 1608.2349600677753 -0.5657626043436291
A219BS010430 106.817298794862 1608.2380388597915 -0.5658765232495968
A219BS010430 107.31729040660683 1608.2409344101495 -0.5659395544305286
A219BS010430 107.81728587707384 1608.243053661458 -0.5661352234379606
A219BS010430 108.3172827720002 1608.244796496213 -0.5663952061744788
A219BS010430 108.81728025262754 1608.2463568128246 -0.5666863734543705
A219BS010430 109.31727580373608 1608.2484608672582 -0.5668341117543984
A219BS010430 109.8172701915759 1608.2508285696658 -0.5669123037907419
A219BS010430 110.3172639618382 1608.253324109945 -0.5669567740956765
A219BS010430 110.8172602286505 1608.255247218797 -0.5671433916355234
A219BS010430 111.31725745551896 1608.2568927649338 -0.5673989337314737
A219BS010430 111.81725508901121 1608.2584037258619 -0.5676878960368111
A219BS010430 112.31725139969697 1608.2603188730282 -0.5678345655774959
A219BS010430 112.81724693677775 1608.2624300021087 -0.5679122399533442
A219BS010430 113.31724206767045 1608.2646361589923 -0.5679564598700627
A219BS010430 113.8172381760678 1608.2665772836847 -0.5683080596797817
A219BS010430 114.31723463983893 1608.2683898987825 -0.5688087021458024
A219BS010430 114.81723124804002 1608.270140201928 -0.5693816125249986
A219BS010430 115.31722708084929 1608.2721776869325 -0.5695074227561204
A219BS010430 115.81722233438173 1608.2743544201796 -0.5694164425005124
A219BS010430 116.31721725923542 1608.276598671995 -0.569220344744462
A219BS010430 116.81721241245117 1608.2744657444557 -0.5686750183618652
A219BS010430 117.31719379318213 1608.2702103721465 -0.5679603653842665
A219BS010430 117.81716523216932 1608.2649259244145 -0.5671636162118866
A219BS010430 118.3171617422779 1608.2631122125422 -0.5667160355233701
A219BS010430 118.81716164772791 1608.2629813883896 -0.5664377640245831
A219BS010430 119.31716113985016 1608.2636665091454 -0.5662415828562938
A219BS010430 119.81715442296337 1608.2611335376728 -0.5656930418945758
A219BS010430 120.31713715059361 1608.2570403029476 -0.5649736665289612
A219BS010430 120.81711298700804 1608.2521906144739 -0.5641714674321502
A219BS010430 121.31710684248583 1608.250168986162 -0.5656058674589606
A219BS010430 121.81710007517407 1608.2495185599194 -0.5681246393165502
A219BS010430 122.31709280511674 1608.2490380348509 -0.5707777695677502
A219BS010430 122.35895861778408 1608.2489977991208 -0.5709999237060543
A219BS010611 122.35895861778408 1608.2489977991208 -0.5709999237060543
A219BS010611 122.85656646069688 1608.200156962447 -0.56999625808922
A219BS010611 123.35417430360968 1608.151316125773 -0.5689925924723856
A219BS010611 123.85178214652248 1608.1024752890992 -0.5679889268555514
A219BS010611 124.34938998943528 1608.0536344524253 -0.566985261238717
A219BS010611 124.8469905317849 1608.0047193506614 -0.5659787460723338
A219BS010611 125.34458741969041 1607.9557671167609 -0.564970806139576
A219BS010611 125.84218247933327 1607.9067963168948 -0.5639621538257441
A219BS010611 126.33977662458467 1607.8578162340716 -0.5629531453219073
A219BS010611 126.82946963301845 1607.7568174372614 -0.5629300380468857
A219BS010611 127.31313286400905 1607.6300512946787 -0.5634034114860658
A219BS010611 127.79328724987309 1607.490583566871 -0.5641235751283374
A219BS010611 128.27157467618747 1607.3448426051868 -0.5649661407994749
A219BS010611 128.72925291376922 1607.1435331026973 -0.5672277887566287
A219BS010611 129.17419911859315 1606.9154670762512 -0.5701879228464599
A219BS010611 129.6122811755768 1606.674483232007 -0.5734891593236806
A219BS010611 130.04684710419082 1606.427217330387 -0.5769572400396871
A219BS010611 130.4535557609136 1606.1363799492815 -0.5782558155920363
A219BS010611 130.84486849083228 1605.8251335853495 -0.5784756853351505
A219BS010611 131.22826689641778 1605.504188781181 -0.5781670240470207
A219BS010611 131.6077112031614 1605.1785790503518 -0.5776002178713912
A219BS010611 131.95451197694953 1604.8184339786867 -0.5726252148341519
A219BS010611 132.284135304957 1604.4425380650594 -0.5655031539332304
A219BS010611 132.60513942164494 1604.0592760746592 -0.5573420397956901
A219BS010611 132.92189834662446 1603.6725090690923 -0.5486779270015775
A219BS010611 133.2365830221872 1603.284058035881 -0.5397700786082523
A219BS010611 133.54595863405848 1602.9019977990538 -0.5310009155273434
A219BS010098 133.54595863405848 1602.9019977990538 -0.5310009155273434
A219BS010098 133.58285819838432 1602.40337502457 -0.527292692400726
A219BS010098 133.6128724009339 1601.90428310341 -0.5247624991257038
A219BS010098 133.63627013885957 1601.4048358042198 -0.5225396200258422
A219BS010098 133.65635825359902 1600.9052437841233 -0.5204705375914397
A219BS010098 133.6724957588633 1600.4055073356485 -0.5222206774879479
A219BS010098 133.686657605022 1599.9057213298597 -0.5258799849594707
A219BS010098 133.6998317653536 1599.405916211238 -0.5304935409683367
A219BS010098 133.70142767827235 1598.9059486696299 -0.5359625811211974
A219BS010098 133.69707779130027 1598.4059964998612 -0.5413390508664343
A219BS010098 133.6897568013893 1597.9060785115698 -0.5466689748199565
A219BS010098 133.68095134299415 1597.406184218802 -0.5519755707874577
A219BS010098 133.6712425987881 1596.906289976984 -0.5553648602484124
A219BS010098 133.66108259167936 1596.4063991257703 -0.5577961415056288
A219BS010098 133.65069713130674 1595.9065108087364 -0.5597487566100728
A219BS010098 133.6390163147426 1595.4066592669665 -0.5632120952639856
A219BS010098 133.6266883491326 1594.9068290672712 -0.5674302389969886
A219BS010098 133.61403706189517 1594.407010271648 -0.5720255053623141
A219BS010098 133.60327662624766 1593.9071350146992 -0.5750155747660124
A219BS010098 133.59346103996288 1593.4072361580816 -0.5772035917173205
A219BS010098 133.58411755207098 1592.9073266614148 -0.5789908735657956
A219BS010098 133.57291321862422 1592.4074527289533 -0.5797082002163286
A219BS010098 133.56077922335018 1591.9076000178816 -0.5798909373539444
A219BS010098 133.55070659799213 1591.40770154161 -0.5801268183665017
A219BS010098 133.54166395179945 1590.9077833866293 -0.5803892499614437
A219BS010098 133.53313591636262 1590.4078561953272 -0.5806649462937217
A219BS010098 133.52112598656078 1589.9080006821453 -0.5801879475248369
A219BS010098 133.50737662145735 1589.4081904909244 -0.5793348877181093
A219BS010098 133.4927582878645 1588.9084053163042 -0.5782939492941471
A219BS010098 133.48136625670878 1588.408535274615 -0.5778901575338808
A219BS010098 133.47158631108275 1587.908630938406 -0.5778046987127682
A219BS010098 133.4626117892527 1587.408711492351 -0.577878276664761
A219BS010098 133.45037822806717 1586.908861510699 -0.5772987740581925
A219BS010098 133.43651665822424 1586.409054511488 -0.5763930029640857
A219BS010098 133.42184182976112 1585.9092710512236 -0.5753242393346849
A219BS010098 133.41041706816733 1585.4094017682974 -0.5749061372792692
A219BS010098 133.4006161760527 1584.9094978436697 -0.5748131021990224
A219BS010098 133.3916265488445 1584.40957866841 -0.5748824588358734
A219BS010098 133.379540638225 1583.9097253032148 -0.5741448494380297
A219BS010098 133.3659081070574 1583.4099124854297 -0.5730041164543537
A219BS010098 133.35150301565417 1582.9101218371713 -0.571662007934491
A219BS010098 133.3402235389165 1582.41024939894 -0.571097294574758
A219BS010098 133.3305056551662 1581.9103438762309 -0.5709209419183335
A219BS010098 133.32156787992542 1581.4104237667511 -0.5709385898202193
A219BS010098 133.3093522696819 1580.9105733802683 -0.5703303140790431
A219BS010098 133.2954994447691 1580.4107661663254 -0.5694093729018074
A219BS010098 133.28082885418885 1579.910982599585 -0.5683322525604975
A219BS010098 133.26167847524778 1579.4113498792678 -0.5676936799638926
A219BS010098 133.24373323800134 1578.9116723964155 -0.5670759497970769
A219BS010098 133.22668121710623 1578.4119639722583 -0.5662277695804889
A219BS010098 133.21007537378998 1577.9122407308084 -0.5652644821296987
A219BS010098 133.18982491683371 1577.4126522549761 -0.5641358508553443
A219BS010098 133.16749662922928 1576.913152066792 -0.5631310739358382
A219BS010098 133.1441306446121 1576.4136992244846 -0.562188166759552
A219BS010098 133.12135997747941 1575.9142187052023 -0.5613469914972407
A219BS010098 133.1119586347486 1575.7079978017136 -0.5609996948242184
A219BS010100 133.1119586347486 1575.7079978017136 -0.5609996948242184
A219BS010100 133.1001727745122 1575.2081386503562 -0.5596132234741874
A219BS010100 133.08838691427582 1574.7082794989988 -0.5582267521241562
A219BS010100 133.07694122724047 1574.2084109596926 -0.5575636832407602
A219BS010100 133.06549554020512 1573.7085424203865 -0.5569006143573644
A219BS010100 133.05404985316977 1573.2086738810804 -0.5562375454739685
A219BS010100 133.03299419937582 1572.7091175530077 -0.5558707677020861
A219BS010100 133.01193854558187 1572.209561224935 -0.5555039899302037
A219BS010100 132.99088289178792 1571.7100048968623 -0.5551372121583212
A219BS010100 132.96889570144708 1571.2104901688772 -0.5538723062842689
A219BS010100 132.94690851110624 1570.710975440892 -0.5526074004102166
A219BS010100 132.92869968107632 1570.2113075908105 -0.5519159498680526
A219BS010100 132.91238049985725 1569.7115741413152 -0.5515112526508187
A219BS010100 132.897654545602 1569.2117916071552 -0.5507597076819503
A219BS010100 132.88372523977213 1568.7119865262619 -0.5498347470258705
A219BS010100 132.8701942560285 1568.2121706711564 -0.5488230829374526
A219BS010100 132.85702004994906 1567.7123449516496 -0.5479921715396744
A219BS010100 132.8440242281658 1567.2125144201507 -0.5472516327863427
A219BS010100 132.83115258720767 1566.7126812232766 -0.5462046554241322
A219BS010100 132.81834303606053 1566.2128467757404 -0.5450044656223658
A219BS010100 132.80803827123518 1565.712954319889 -0.5438449809625687
A219BS010100 132.79979683977155 1565.213022899381 -0.5430365278079287
A219BS010100 132.7925870818713 1564.7130752833473 -0.5424035876748942
A219BS010100 132.78589314019663 1564.2131203914673 -0.5418583995802646
A219BS010100 132.77964899922057 1563.7131602327022 -0.5409362548154749
A219BS010100 132.77362974665485 1563.2131976989617 -0.5398256449009143
A219BS010100 132.76772293133956 1562.713234042379 -0.5386208090346589
A219BS010100 132.7687266494253 1562.213235851179 -0.537725629365155
A219BS010100 132.77318573638172 1561.7132562830666 -0.5369853498591948
A219BS010100 132.78048153462382 1561.2133098863803 -0.5363756217083463
A219BS010100 132.78919536102447 1560.7133861193947 -0.5358311655991942
A219BS010100 132.79862584102543 1560.213475160398 -0.5355163290047648
A219BS010100 132.80841456543808 1559.7135710287346 -0.5353162786042446
A219BS010100 132.8183823724054 1559.2136704161428 -0.5351736093042047
A219BS010100 132.82855147698342 1558.7137738445522 -0.5350897998686569
A219BS010100 132.83875636632845 1558.2138780005469 -0.5350164540340956
A219BS010100 132.84095863607945 1558.1059978012927 -0.5350006256103512
A219BS010426 132.84095863607945 1558.1059978012927 -0.5350006256103512
A219BS010426 132.9439588296709 1557.616721909335 -0.5347522931875655
A219BS010426 133.0469590232623 1557.1274460173772 -0.5345039607647797
A219BS010426 133.14995921685372 1556.6381701254195 -0.5342556283419939
A219BS010426 133.25295941044513 1556.1488942334618 -0.5340072959192081
A219BS010426 133.35595960403654 1555.659618341504 -0.5337589634964224
A219BS010426 133.45895979762795 1555.1703424495463 -0.5335106310736366
A219BS010426 133.56195999121937 1554.6810665575886 -0.5332622986508508
A219BS010426 133.66496018481078 1554.1917906656308 -0.5330139662280651
A219BS010426 133.7679603784022 1553.702514773673 -0.5327656338052793
A219BS010426 133.8709605719936 1553.2132388817154 -0.5325173013824935
A219BS010426 133.97396076558502 1552.7239629897576 -0.5322689689597078
A219BS010426 134.07696095917643 1552.2346870978 -0.532020636536922
A219BS010426 134.17996115276785 1551.7454112058422 -0.5317723041141362
A219BS010426 134.28296134635926 1551.2561353138844 -0.5315239716913505
A219BS010426 134.38596153995067 1550.7668594219267 -0.5312756392685647
A219BS010426 134.48896173354208 1550.277583529969 -0.5310273068457789
A219BS010426 134.5919619271335 1549.7883076380112 -0.5307789744229932
A219BS010426 134.6949621207249 1549.2990317460535 -0.5305306420002074
A219BS010426 134.79796231431632 1548.8097558540958 -0.5302823095774216
A219BS010426 134.90096250790774 1548.320479962138 -0.5300339771546358
A219BS010426 135.00396270149915 1547.8312040701803 -0.5297856447318501
A219BS010426 135.10696289509056 1547.3419281782226 -0.5295373123090643
A219BS010426 135.20996308868197 1546.8526522862649 -0.5292889798862785
A219BS010426 135.3129632822734 1546.3633763943071 -0.5290406474634928
A219BS010426 135.4159634758648 1545.8741005023494 -0.528792315040707
A219BS010426 135.5189636694562 1545.3848246103917 -0.5285439826179212
A219BS010426 135.62196386304763 1544.895548718434 -0.5282956501951355
A219BS010426 135.72496405663904 1544.4062728264762 -0.5280473177723497
A219BS010426 135.82796425023045 1543.9169969345185 -0.5277989853495639
A219BS010426 135.93096444382186 1543.4277210425607 -0.5275506529267782
A219BS010426 136.03396463741328 1542.938445150603 -0.5273023205039924
A219BS010426 136.1369648310047 1542.4491692586453 -0.5270539880812066
A219BS010426 136.19613091684727 1541.9526824666693 -0.5265644174213532
A219BS010426 136.2330951396447 1541.4540510647794 -0.5259550881152225
A219BS010426 136.25896129961737 1540.9547210188646 -0.5252864962358612
A219BS010426 136.27929946681414 1540.455135318705 -0.5245885341185833
A219BS010426 136.2968868769793 1539.9554452394657 -0.5238759939964753
A219BS010426 136.31310592148878 1539.4557088844665 -0.5231562111322315
A219BS010426 136.328644345083 1538.9559509089333 -0.5224328279995468
A219BS010426 136.34384424414534 1538.4561825253872 -0.5217076547360314
A219BS010426 136.35887577226066 1537.9564090507067 -0.5209815912580623
A219BS010426 136.37382355890853 1537.4566330650262 -0.5202550850544699
A219BS010426 136.38872969581908 1536.9568558357018 -0.5195283586648547
A219BS010426 136.39668214241192 1536.4569193262457 -0.5190332769231818
A219BS010426 136.4011751206654 1535.9569396577772 -0.518653455246815
A219BS010426 136.40394753653104 1535.4569474481293 -0.5183309621312902
A219BS010426 136.40586429997447 1534.956951208551 -0.5180369800827407
A219BS010426 136.40735554799812 1534.4569535106668 -0.5177571768213242
A219BS010426 136.4086351887032 1533.956955222544 -0.5174844246828948
A219BS010426 136.40980959802283 1533.4569566742764 -0.5172151790521619
A219BS010426 136.41093167627122 1532.9569580048951 -0.5169476771949549
A219BS010426 136.412027730531 1532.4569592773257 -0.5166810425088261
A219BS010426 136.4131108431885 1531.9569605213246 -0.5164148390628678
A219BS010426 136.41418752005072 1531.4569617513093 -0.516148850070586
A219BS010426 136.41526099642363 1530.9569629743557 -0.5158829677250761
A219BS010426 136.41633288120894 1530.4569641939595 -0.5156171384144841
A219BS010426 136.41740397450562 1529.956965411853 -0.515351335477896
A219BS010426 136.4184746741989 1529.4569666288965 -0.5150855456569703
A219BS010426 136.41954517815515 1528.9569678455175 -0.5148197623583988
A219BS010426 136.42061558477235 1528.4569690619282 -0.5145539823033619
A219BS010426 136.42168594298332 1527.9569702782346 -0.5142882038613188
A219BS010426 136.4227562771221 1527.456971494489 -0.5140224262214096
A219BS010426 136.42382659928987 1526.9569727107175 -0.5137566489803975
A219BS010426 136.42489691550455 1526.4569739269332 -0.5134908719377551
A219BS010426 136.4259672287588 1525.9569751431425 -0.5132250949937609
A219BS010426 136.42703754054082 1525.4569763593486 -0.512959318098824
A219BS010426 136.4281078515907 1524.956977575553 -0.512693541228283
A219BS010426 136.42917816227651 1524.456978791757 -0.512427764369874
A219BS010426 136.43024847278127 1523.9569800079603 -0.5121619875174982
A219BS010426 136.431318783196 1523.4569812241634 -0.5118962106681226
A219BS010426 136.43238909356592 1522.9569824403666 -0.5116304338202391
A219BS010426 136.4334594039136 1522.4569836565697 -0.5113646569730975
A219BS010426 136.4345297142502 1521.9569848727726 -0.511098880126325
A219BS010426 136.4356000245813 1521.4569860889756 -0.5108331032797359
A219BS010426 136.43667033490965 1520.9569873051785 -0.510567326433238
A219BS010426 136.43774064523663 1520.4569885213814 -0.5103015495867855
A219BS010426 136.4388109555632 1519.9569897375843 -0.5100357727403368
A219BS010426 136.4389586414909 1519.8879977990873 -0.509999099731445
A219BS010623 136.4389586414909 1519.8879977990873 -0.509999099731445
A219BS010623 136.43678767740323 1519.388007979783 -0.5123373698087964
A219BS010623 136.43461671331556 1518.8880181604786 -0.514675639886148
A219BS010623 136.4324457492279 1518.3880283411743 -0.5170139099634995
A219BS010623 136.43027478514023 1517.88803852187 -0.519352180040851
A219BS010623 136.42810382105256 1517.3880487025656 -0.5216904501182026
A219BS010623 136.42593285643454 1516.888058881985 -0.5240284467943407
A219BS010623 136.42376189181653 1516.3880690614044 -0.5263664434704789
A219BS010623 136.4215909271985 1515.8880792408238 -0.5287044401466171
A219BS010623 136.4194199625805 1515.3880894202432 -0.5310424368227553
A219BS010623 136.41724899796247 1514.8880995996626 -0.5333804334988935
A219BS010623 136.41507803334446 1514.388109779082 -0.5357184301750317
A219BS010623 136.4127634838095 1513.8881206023716 -0.5380563850471561
A219BS010623 136.41044893427454 1513.3881314256612 -0.5403943399192808
A219BS010623 136.40813438473958 1512.8881422489508 -0.5427322947914054
A219BS010623 136.40581983520462 1512.3881530722404 -0.54507024966353
A219BS010623 136.40350528566967 1511.88816389553 -0.5474082045356546
A219BS010623 136.4011907361347 1511.3881747188195 -0.5497461594077793
A219BS010623 136.39895634496133 1510.8881847209973 -0.5519843671205749
A219BS010623 136.39672195378796 1510.388194723175 -0.5542225748333703
A219BS010623 136.3944875626146 1509.8882047253528 -0.5564607825461657
A219BS010623 136.3922531714412 1509.3882147275306 -0.558698990258961
A219BS010623 136.41372912797615 1508.8886780296289 -0.5573312401449866
A219BS010623 136.4470587643449 1508.3898002160843 -0.5541590969506115
A219BS010623 136.48630333991466 1507.891359372597 -0.5500861579537646
A219BS010623 136.52849927566928 1507.393163577836 -0.5455636488874952
A219BS010623 136.57216812623713 1506.895096816804 -0.5408167504224318
A219BS010623 136.6165721652912 1506.3970961417583 -0.5359578441897336
A219BS010623 136.71123550289906 1505.9061478256456 -0.5330246856361988
A219BS010623 136.8307835668419 1505.4206538073934 -0.5310705493141372
A219BS010623 136.96259451619895 1504.9383429877985 -0.5296053082876971
A219BS010623 137.10045875890103 1504.457726761944 -0.5283830031990475
A219BS010623 137.24131664853826 1503.9779790771752 -0.5272812382962456
A219BS010623 137.38365678535922 1503.4986689482198 -0.5262392543317418
A219BS010623 137.52836867108775 1503.0200691803286 -0.5253835070443771
A219BS010623 137.69480398241618 1502.548583479928 -0.5261056295362172
A219BS010623 137.8718934006306 1502.0809970457751 -0.5276104725530912
A219BS010623 138.05422709560642 1501.6154319667835 -0.5295027991393377
A219BS010623 138.2391490262503 1501.1508896801588 -0.5315869067389359
A219BS010623 138.42535028477576 1500.686859139003 -0.5337659428016951
A219BS010623 138.6121844050571 1500.2230832704024 -0.535991971225834
A219BS010623 138.8010358168937 1499.7601265184267 -0.5384799518267078
A219BS010623 138.99088463554577 1499.2975786031323 -0.5410976059751627
A219BS010623 139.2049709400251 1498.8457328001032 -0.5426546927929239
A219BS010623 139.43085414431548 1498.3996658565077 -0.5436841833637521
A219BS010623 139.66251430988308 1497.9565710839895 -0.5444524647761446
A219BS010623 139.89701536564684 1497.514973024253 -0.5450915913714369
A219BS010623 140.13291677287768 1497.074121354065 -0.5456668817234666
A219BS010623 140.36950930807055 1496.6336401664587 -0.5462106242087535
A219BS010623 140.61137549908503 1496.1960336133457 -0.5450924486069051
A219BS010623 140.85583409428412 1495.7598728244216 -0.5431530057760992
A219BS010623 141.10157025867807 1495.3244325444748 -0.5408077746761527
A219BS010623 141.34793684917267 1494.8893497680394 -0.5382620454235576
A219BS010623 141.59461473436176 1494.4544440012166 -0.535617249981724
A219BS010623 141.84144638302516 1494.0196257852242 -0.5329235055052273
A219BS010623 142.08871393616113 1493.5850567079126 -0.5300124557437171
A219BS010623 142.38435948725623 1493.181833134205 -0.5279011234540554
A219BS010623 142.70263811818745 1492.7962221714909 -0.5261986172846391
A219BS010623 143.03166296409938 1492.419737905467 -0.524699214367316
A219BS010623 143.36586031935968 1492.047837153364 -0.5232998136880076
A219BS010623 143.70256815315923 1491.6782075938 -0.5219494972395857
A219BS010623 144.0680232598295 1491.3369709424376 -0.5216136763842316
A219BS010623 144.44673672581868 1491.0105110155548 -0.5217774387227454
A219BS010623 144.8317108772517 1490.6914581414733 -0.5221851993788837
A219BS010623 145.21968676427474 1490.3760624635834 -0.5227119412706026
A219BS010623 145.60911394359502 1490.0624605980374 -0.5232966914512116
A219BS010623 146.03679528352072 1489.8034460795186 -0.5236848613546139
A219BS010623 146.4805349572418 1489.5730225160942 -0.5239736253825714
A219BS010623 146.9313681874861 1489.356806557314 -0.5242137842665802
A219BS010623 147.3854614310558 1489.1475237839666 -0.5244304044735855
A219BS010623 147.84108805946818 1488.9416006591073 -0.5246356598482096
A219BS010623 148.32635886347163 1488.8211365866607 -0.5254443819592685
A219BS010623 148.82038441349422 1488.7440810481862 -0.5265397884013487
A219BS010623 149.31721639345326 1488.6878985452129 -0.5277686291697256
A219BS010623 149.81506777569965 1488.6416131892233 -0.5290597590169668
A219BS010623 150.31333160242784 1488.6000029057805 -0.5303800945778941
A219BS010623 150.81177468566452 1488.5605984258534 -0.5317141617373495
A219BS010623 151.31105438020785 1488.5338069246452 -0.5331291104086641
A219BS010623 151.81061792198082 1488.5129704866051 -0.5345818943074259
A219BS010623 152.3102906339948 1488.4949422210448 -0.5360524416447436
A219BS010623 152.8100093272771 1488.4782377178085 -0.5375313452447117
A219BS010623 153.30974847610636 1488.4621571606776 -0.5390141836553082
A219BS010623 153.80949699570112 1488.4463706838021 -0.54049887577699
A219BS010623 154.30928696825092 1488.4319654958383 -0.5420717389005428
A219BS010623 154.80909514892204 1488.4182113619536 -0.5436861537478764
A219BS010623 155.30891161596648 1488.404764082551 -0.5453201512606294
A219BS010623 155.80872904225035 1488.3913527841048 -0.5469564449238667
A219BS010623 155.82195867260452 1488.3909978014417 -0.5469997558593747
A219BS010077 155.82195867260452 1488.3909978014417 -0.5469997558593747
A219BS010077 156.32195616290133 1488.3919483667244 -0.5482670847569328
A219BS010077 156.82195365319814 1488.392898932007 -0.5495344136544908
A219BS010077 157.3219531153438 1488.3926994075089 -0.5502401359879049
A219BS010077 157.82195187115113 1488.3919296971058 -0.5510474382955569
A219BS010077 158.3219500222184 1488.3908748948325 -0.5519055300603289
A219BS010077 158.82194780802433 1488.3896775472895 -0.5527890163508139
A219BS010077 159.3219456575626 1488.3883043308467 -0.5533035391489055
A219BS010077 159.82194341367014 1488.386843180627 -0.5536335807616564
A219BS010077 160.32194303041706 1488.3874360419156 -0.5538118177274466
A219BS010077 160.82193929926532 1488.3893295395828 -0.5541936611527891
A219BS010077 161.3219325943629 1488.3918733448425 -0.554677305926931
A219BS010077 161.82192407766493 1488.3947422972242 -0.5552118502751694
A219BS010077 162.32191343920175 1488.3979897038494 -0.5555163173666332
A219BS010077 162.82190159275487 1488.4014263334016 -0.5557057477092874
A219BS010077 163.32188910554854 1488.404957572473 -0.5558376606918903
A219BS010077 163.82187763668244 1488.4083432925327 -0.5559127222932515
A219BS010077 164.32186606588928 1488.4117359809104 -0.5561583334478435
A219BS010077 164.82185442228277 1488.4151321532358 -0.5564892178249521
A219BS010077 165.32184197331486 1488.418655225464 -0.5566809858980202
A219BS010077 165.8218290950817 1488.4222417463038 -0.55680319707175
A219BS010077 166.32181599557214 1488.4258599908217 -0.5568906304303933
A219BS010077 166.82180409711296 1488.4292921828132 -0.5572346881754062
A219BS010077 167.32179201832383 1488.4327505954507 -0.557578236207081
A219BS010077 167.82177765592166 1488.4365004537115 -0.5581266511222954
A219BS010077 168.32176463408126 1488.4400946249316 -0.5584485270115486
A219BS010077 168.821752225842 1488.443610953672 -0.5586571354586891
A219BS010077 169.32174011023122 1488.4470883618087 -0.5588091112490995
A219BS010077 169.82172840205098 1488.4504960511897 -0.5591184593382138
A219BS010077 170.32171687536305 1488.453868881701 -0.5595064920743565
A219BS010077 170.82170155814651 1488.457720003364 -0.5602035170841365
A219BS010077 171.32168841082273 1488.461326877402 -0.5605744761212952
A219BS010077 171.8216762239454 1488.4648116290862 -0.5607824052262578
A219BS010077 172.3216453832862 1488.4684434635926 -0.5565812760747454
A219BS010077 172.82159947367649 1488.472124842393 -0.5508931347121601
A219BS010077 173.07595869811485 1488.4739977996796 -0.5479992065429684
LN000009 173.07595869811485 1488.4739977996796 -0.5479992065429684
LN000009 173.5729946893998 1488.420259291417 -0.5397896939443245
LN000009 174.07003068068474 1488.3665207831546 -0.5315801813456806
LN000009 174.56706667196968 1488.312782274892 -0.5233706687470367
LN000009 175.06410266325463 1488.2590437666295 -0.5151611561483929
LN000009 175.5536092789675 1488.1572110375039 -0.5115048667498713
LN000009 176.034921696396 1488.0217971475265 -0.5103068557497216
LN000009 176.51119382034875 1487.8695970729732 -0.5103422321337004
LN000009 176.97936835504953 1487.694063291248 -0.5110468816610159
LN000009 177.43928649284024 1487.4979150078107 -0.51212272349295
LN000009 177.89085681032716 1487.2832465027593 -0.5134193744741713
LN000009 178.33380361701595 1487.051306756756 -0.5148618266049451
LN000009 178.76771360488172 1486.8028722241584 -0.5164127757843833
LN000009 179.1920932362692 1486.538487587815 -0.5180536685609382
LN000009 179.60561927780574 1486.2574300932833 -0.5197559430971784
LN000009 180.0133697812952 1485.9680574497006 -0.5214880083502886
LN000009 180.40844269182784 1485.6616028641215 -0.5232149538817802
LN000009 180.79111145175 1485.3397928031152 -0.5249193056109508
LN000009 181.16116825842138 1485.0035560241022 -0.5265891185109915
LN000009 181.51817121070758 1484.6534899719065 -0.5282173565482393
LN000009 181.86160961365272 1484.2901064857529 -0.5298001936446365
LN000009 182.19096263629817 1483.9139094245922 -0.5313356572103296
LN000009 182.50571948468703 1483.5254175780378 -0.5328227863581702
LN000009 182.80538637668423 1483.1251705481511 -0.5342611561555053
LN000009 183.09726737751916 1482.7192105934118 -0.5356741316318
LN000009 183.37036042375237 1482.3003808517942 -0.537028987917844
LN000009 183.62516594299518 1481.8701803661022 -0.5383287855043252
LN000009 183.86217552161185 1481.4299248690054 -0.5395765515135631
LN000009 184.08149382750182 1480.980594203734 -0.5407740273360695
LN000009 184.28300936256147 1480.5230024961354 -0.5419221852456947
LN000009 184.46650973621368 1480.0578934721598 -0.5430215878252452
LN000009 184.6317435580095 1479.585985981709 -0.5440725831756781
LN000009 184.7784525160254 1479.1079948981271 -0.5450754062383207
LN000009 184.9063879287725 1478.624640350744 -0.5460302304456152
LN000009 185.01575367463312 1478.136748665525 -0.5469451766218267
LN000009 185.1239468575116 1477.6485972512512 -0.5453857147812179
LN000009 185.231568991037 1477.1603249423144 -0.5426237044670964
LN000009 185.33891332403076 1476.6719951402306 -0.5392772778963442
LN000009 185.44613068811026 1476.1836393476578 -0.5356638722268824
LN000009 185.53505674161943 1475.77859718201 -0.5326669145169856
A219BS010434 185.53505674161943 1475.77859718201 -0.5326669145169856
A219BS010434 185.53837301397334 1475.2786082823645 -0.5323466502917279
A219BS010434 185.54168928632726 1474.7786193827192 -0.5320263860664702
A219BS010434 185.54502209721954 1474.2786304905424 -0.5320179416574801
A219BS010434 185.54835490811183 1473.7786415983655 -0.5320094972484899
A219BS010434 185.5518501943103 1473.2786538432663 -0.5318429884668582
A219BS010434 185.55542671790292 1472.778666695243 -0.5315974475015871
A219BS010434 185.55904386012082 1472.2786798603915 -0.5313123904520196
A219BS010434 185.56252334658086 1471.7786919889193 -0.5311655753374583
A219BS010434 185.56593400496607 1471.2787036276818 -0.5310878811960359
A219BS010434 185.5693102492716 1470.778715028698 -0.5310447475358215
A219BS010434 185.57266522081176 1470.2787263991581 -0.5307063737145801
A219BS010434 185.57600939815757 1469.7787376492108 -0.5304486838621084
A219BS010434 185.57934817837508 1469.2787488440297 -0.5302313359807098
A219BS010434 185.58268419963463 1468.778759985516 -0.5301203206338322
A219BS010434 185.58601884135913 1468.2787711088217 -0.5300624715349223
A219BS010434 185.58935279330228 1467.7787822251585 -0.5300312055484878
A219BS010434 185.59268639874233 1467.2787934482412 -0.5296994953407848
A219BS010434 185.59601983105145 1466.778804624739 -0.5294453265104824
A219BS010434 185.59935317676508 1466.2788157824534 -0.5292299283470651
A219BS010434 185.60268647950025 1465.778826905593 -0.5291198891424743
A219BS010434 185.6060197606907 1465.27883801977 -0.5290625293862512
A219BS010434 185.60935303109497 1464.7788491315473 -0.5290315093368788
A219BS010434 185.6128485305698 1464.2788613818002 -0.52885378390469
A219BS010434 185.61642514428354 1463.7788742371713 -0.5286027058350269
A219BS010434 185.6200423150223 1463.2788874040714 -0.5283149514785206
A219BS010434 185.62352183645135 1462.7788996077884 -0.5280043090811126
A219BS010434 185.62693253317613 1462.2789113445178 -0.5276822226810006
A219BS010434 185.63030881755253 1461.7789228514048 -0.5273544142866569
A219BS010434 185.63366478621566 1461.2789341423954 -0.5271860769608944
A219BS010434 185.63701059690015 1460.7789453448204 -0.5270974751127107
A219BS010434 185.6403513285674 1460.278956507808 -0.5270487409685637
A219BS010434 185.64368835467337 1459.7789676785442 -0.5268620107695405
A219BS010434 185.64702352790496 1459.2789788674468 -0.5266062826089905
A219BS010434 185.6503577746764 1458.7789900690057 -0.5263160555023385
A219BS010434 185.6536915288085 1458.279001205346 -0.5261667244023739
A219BS010434 185.65702503652193 1457.7790123239658 -0.5260878412449693
A219BS010434 185.66035842100132 1457.2790234374477 -0.5260441820241073
A219BS010434 185.66369174251156 1456.7790345825265 -0.5258600017429668
A219BS010434 185.66702503243854 1456.2790457582132 -0.5256055610058787
A219BS010434 185.67035830654922 1455.779056952906 -0.5253159900797574
A219BS010434 185.67369157388825 1455.2790680871162 -0.5251629705433588
A219BS010434 185.67702483723264 1454.7790792040948 -0.5250841643067606
A219BS010434 185.6803580985522 1454.2790903165883 -0.5250424646797839
A219BS010434 185.68369135844773 1453.7791014608756 -0.5248593210840939
A219BS010434 185.6870246175312 1453.2791126360644 -0.5246054555859626
A219BS010434 185.69035787618364 1452.7791238304549 -0.524316229179466
A219BS010434 185.69392218808645 1452.2791365576147 -0.5241656350920919
A219BS010434 185.69760202611053 1451.7791501056122 -0.5240843571112554
A219BS010434 185.70113312577612 1451.279162576136 -0.5240430826450333
A219BS010434 185.70457295055263 1450.7791744091046 -0.5240222475318597
A219BS010434 185.70796713790293 1450.2791859298577 -0.5240116320812764
A219BS010434 185.7113316738072 1449.779197250116 -0.5240063033272853
A219BS010434 185.71491033112272 1449.2792100570755 -0.5240036324025998
A219BS010434 185.71859604875627 1448.7792236417763 -0.5240022903909954
A219BS010434 185.72213198581983 1448.2792362332334 -0.5242996919322612
A219BS010434 185.72557326706593 1447.7792481339995 -0.5245409549714054
A219BS010434 185.7289672204233 1447.2792596985043 -0.5247541488040436
A219BS010434 185.73262939169277 1446.7792731237419 -0.5248705915119404
A219BS010434 185.7362201034698 1446.2792860208756 -0.5249318795787541
A219BS010434 185.73977508552628 1445.7792986600691 -0.5249655903779501
A219BS010434 185.74322443228505 1445.2793105584938 -0.5249826180927025
A219BS010434 185.7466209614392 1444.7793220951125 -0.5249913042812773
A219BS010434 185.74999108182936 1444.2793334529733 -0.5249958197150788
A219BS010434 185.75365763555166 1443.7793469222026 -0.5251552931985044
A219BS010434 185.75747240506718 1443.2793615310288 -0.5253922455453717
A219BS010434 185.76136128215836 1442.7793767306307 -0.5256679372299189
A219BS010434 185.76494129145877 1442.2793895702303 -0.5258194893636066
A219BS010434 185.76836686658277 1441.77940131294 -0.5259089718229047
A219BS010434 185.77190964381828 1441.2794139079522 -0.5261177368325398
A219BS010434 185.77551102181334 1440.7794269500876 -0.5263861429584172
A219BS010434 185.7791417000735 1440.2794402210275 -0.5266843695612853
A219BS010434 185.78279026847838 1439.7794535563153 -0.5268362198651992
A219BS010434 185.78644778181325 1439.279466940086 -0.5269148822054716
A219BS010434 185.7901097675713 1438.7794803521754 -0.5269569506617593
A219BS010434 185.79393791050796 1438.2794950413606 -0.5271421291718669
A219BS010434 185.79784913154197 1437.7795104051586 -0.527398862509623
A219BS010434 185.80180189143846 1437.2795261152787 -0.5276913731569551
A219BS010434 185.8056142986751 1436.7795407477765 -0.5280041585115344
A219BS010434 185.80935652966292 1436.2795548565475 -0.5283270811819755
A219BS010434 185.81306367259887 1435.7795687072264 -0.5286550724933541
A219BS010434 185.81675057387463 1435.2795824099287 -0.5289856380733116
A219BS010434 185.8204273543473 1434.7795960389553 -0.5293174907836242
A219BS010434 185.82409907443252 1434.2796096312222 -0.5296499870571976
A219BS010434 185.82793207168922 1433.7796244342853 -0.5299831175043717
A219BS010434 185.8318457071536 1433.2796398622531 -0.5303165650244496
A219BS010434 185.83579966156537 1432.7796556075496 -0.5306501710772616
A219BS010434 185.839454209131 1432.279668993143 -0.5308224978721154
A219BS010434 185.84319477335774 1431.7796830948869 -0.5311537443527631
A219BS010434 185.8469783455978 1431.279697579195 -0.5315644504124569
A219BS010434 185.85070476384035 1430.779711604898 -0.5319376973247248
A219BS010434 185.85440260515148 1430.2797254048014 -0.5322922147218727
A219BS010434 185.85808615803734 1429.779739092681 -0.5326373673916129
A219BS010434 185.86192238262294 1429.2797538412551 -0.5328155179196244
A219BS010434 185.86559525617824 1428.7797674430985 -0.5331496708564042
A219BS010434 185.86918645420408 1428.2797805098432 -0.533561824717185
A219BS010434 185.87297784508476 1427.7797949288886 -0.5337720448799671
A219BS010434 185.87686933160072 1427.279810084722 -0.5338812985034337
A219BS010434 185.8808108656345 1426.7798256241078 -0.5339400690373367
A219BS010434 185.8845895608551 1426.2798399344504 -0.534117833148262
A219BS010434 185.88828683673432 1425.7798536607804 -0.534355093820736
A219BS010434 185.89194340304076 1425.279867102732 -0.5346221026576184
A219BS010434 185.8956021474717 1424.779880578158 -0.5349201527348082
A219BS010434 185.8992619809554 1424.279894071048 -0.5352337233721435
A219BS010434 185.90292235896206 1423.779907572851 -0.5355550542596211
A219BS010434 185.90658551801152 1423.2799210238018 -0.5357340390143318
A219BS010434 185.91025006746574 1422.7799344645284 -0.5358418509671576
A219BS010434 185.9139153120918 1422.2799479039438 -0.5359140766559864
A219BS010434 185.91758118303022 1421.7799613773961 -0.5361002517554782
A219BS010434 185.92124736705222 1421.2799748776054 -0.5363434013365159
A219BS010434 185.92491370759754 1420.7799883936275 -0.5366150380456302
A219BS010434 185.9285801582816 1420.2800018599353 -0.5367675696191416
A219BS010434 185.93224666395676 1419.7800153120252 -0.5368605488535774
A219BS010434 185.9359131971079 1419.280028759666 -0.5369237520356027
A219BS010434 185.93957974697503 1418.7800422364726 -0.5371055131355401
A219BS010434 185.94324630512284 1418.2800557384037 -0.5373465529574688
A219BS010434 185.94691286739163 1417.7800692555325 -0.5376172320209426
A219BS010434 185.9507509411063 1417.2800840215511 -0.53780429011927
A219BS010434 185.95450837614172 1416.7800981491073 -0.5378993610684454
A219BS010434 185.95822549191607 1416.2801119686565 -0.5379484386267362
A219BS010434 185.96192244812167 1415.7801256370087 -0.5379745195835552
A219BS010434 185.96528099924885 1415.280136917173 -0.5379876060418917
A219BS010434 185.9684703479071 1414.7801470892648 -0.5379941952736214
A219BS010434 185.97157509555538 1414.2801567288268 -0.5379975359056508
A219BS010434 185.974951103257 1413.7801681263875 -0.5379992075891218
A219BS010434 185.9784627400384 1413.2801804581331 -0.5380000448016623
A219BS010434 185.9820421909563 1412.7801932707664 -0.5380004647806
A219BS010434 185.9853415620136 1412.2802041828793 -0.5378387720739018
A219BS010434 185.98850089323136 1411.7802142232808 -0.5375960234023293
A219BS010434 185.99159020473826 1411.2802238474646 -0.5373127469505706
A219BS010434 185.99495846838212 1410.780235193031 -0.5373281662345168
A219BS010434 185.99846620662726 1410.2802475245587 -0.5374929327150912
A219BS010434 186.00204368159658 1409.7802603803825 -0.5377323724016468
A219BS010434 186.0053420781229 1409.280271261325 -0.5376948966924668
A219BS010434 186.00850093535206 1408.7802812707564 -0.5375189639778303
A219BS010434 186.01159002313585 1408.2802908734159 -0.5372738031539874
A219BS010434 186.01495816140383 1407.7803022190974 -0.5373084073942549
A219BS010434 186.01846582338 1407.2803145533874 -0.5374828934115067
A219BS010434 186.02204324659016 1406.780327411254 -0.5377273198912361
A219BS010434 186.0253416303364 1406.28033829193 -0.5376923549327873
A219BS010434 186.02850049438157 1405.7803483009584 -0.5375176950667273
A219BS010434 186.03158959883478 1405.2803579034005 -0.5372731882009242
A219BS010434 186.0349577326403 1404.7803692639754 -0.537146221787136
A219BS010434 186.03846537977702 1404.2803815723662 -0.5370780252453704
A219BS010434 186.0420427829931 1403.7803943718502 -0.5370392134458007
A219BS010434 186.04534116922798 1403.2804052517024 -0.5370196661885968
A219BS010434 186.04850004750526 1402.7804152304122 -0.5370097511413486
A219BS010434 186.05158917219217 1402.2804247732206 -0.5370046521661493
A219BS010434 186.0549573029258 1401.7804361176604 -0.5370020984468444
A219BS010434 186.05846493534074 1401.2804484212986 -0.5370008173471301
A219BS010434 186.0620423179985 1400.7804612191294 -0.537000172552729
A219BS010434 186.06534070741262 1400.2804720986205 -0.5369998500300799
A219BS010434 186.06849960079697 1399.7804820773276 -0.5369996886422155
A219BS010434 186.0715887465839 1399.2804916202404 -0.5369996078211595
A219BS010434 186.07495687443972 1398.7805029646543 -0.5369995674070833
A219BS010434 186.0784644919311 1398.280515268186 -0.5369995471963561
A219BS010434 186.08204185361402 1397.7805280658665 -0.536999537087228
A219BS010434 186.0853402454708 1397.2805389714774 -0.5368379724919291
A219BS010434 186.08849915292538 1396.7805490090038 -0.5365956312723347
A219BS010434 186.09158831859634 1396.2805586319769 -0.5363129020631013
A219BS010434 186.09509106736724 1395.7805709254426 -0.5361577708949241
A219BS010434 186.09706308042504 1395.2805762771955 -0.5349482715255898
A219BS010434 186.098269715115 1394.7805807492311 -0.5332115941227953
A219BS010434 186.09909366403525 1394.2805854291878 -0.5312113333816161
A219BS010434 186.10094093045052 1393.7805903207018 -0.5299951520978085
A219BS010434 186.10329984426954 1393.280596564428 -0.5291710084112125
A219BS010434 186.10491335969184 1392.7806010677727 -0.5277926425362129
A219BS010434 186.1061541810293 1392.280605348009 -0.5261371727054275
A219BS010434 186.1072086591467 1391.780609678453 -0.524343154572769
A219BS010434 186.10769585107204 1391.2806151352452 -0.5220585525218095
A219BS010434 186.1078994058264 1390.7806215770474 -0.5195286659186669
A219BS010434 186.10796114542947 1390.2806286167995 -0.5168761405799668
A219BS010434 186.1079709269274 1389.7806378779799 -0.5138329516529412
A219BS010434 186.10817038319317 1389.2806461676162 -0.51096070778897
A219BS010434 186.10846467441743 1388.78065402039 -0.5081739345690969
A219BS010434 186.10801534975775 1388.2806606775694 -0.5056332176733976
A219BS010434 186.10719422655285 1387.780667197077 -0.503215528305359
A219BS010434 186.10294176102872 1387.2806899061393 -0.5010649275979134
A219BS010434 186.09628498913688 1386.7807394163776 -0.4987856349204746
A219BS010434 186.08221790458342 1386.2809405129906 -0.4970042575769558
A219BS010434 186.06444654872593 1385.781258783176 -0.4954720041466136
A219BS010434 186.04180619155002 1385.2817742053685 -0.49386864538061137
A219BS010434 186.01673248375945 1384.7824059811585 -0.4922297960758299
A219BS010434 185.97610298721528 1384.2840604226083 -0.49125599747233506
A219BS010434 185.92751990592072 1383.7864264478858 -0.4909222102799914
A219BS010434 185.87496703902448 1383.2891959218853 -0.4909082731066144
A219BS010434 185.80262308883763 1382.7944573159036 -0.4906540632387184
A219BS010434 185.72237188625647 1382.3009397903263 -0.4902108563971507
A219BS010434 185.6381808553232 1381.8080791798227 -0.48967333944738206
A219BS010434 185.53377915435934 1381.3191003633876 -0.4896295952932343
A219BS010434 185.41803861239643 1380.8326807274123 -0.48988392521732516
A219BS010434 185.29666551018752 1380.347635979289 -0.4902868868817775
A219BS010434 185.15422140987175 1379.868355607528 -0.49034630046742056
A219BS010434 185.00136317390812 1379.3922943224652 -0.4902342177848312
A219BS010434 184.8378343582364 1378.9197929190307 -0.4893680783887701
A219BS010434 184.65717254287327 1378.4535739231856 -0.4882927259700249
A219BS010434 184.46806545892255 1377.9907163633868 -0.48711368532811056
A219BS010434 184.26342444018303 1377.5345135350676 -0.4860973768873597
A219BS010434 184.05113942857932 1377.0818169481154 -0.4851624917213278
A219BS010434 183.81698146071145 1376.6400389473556 -0.48366445012999465
A219BS010434 183.57214560049917 1376.2040891293457 -0.4818874495325049
A219BS010434 183.31269345853084 1375.7766747513356 -0.48064829731095376
A219BS010434 183.03120837616805 1375.3634371724922 -0.4797253461369082
A219BS010434 182.73906476462125 1374.9576644218948 -0.47896042461169264
A219BS010434 182.43471368734282 1374.560965628789 -0.47826091916371966
A219BS010434 182.11651581710396 1374.1752845263202 -0.4778108371112694
A219BS010434 181.79160777708643 1373.7952389250675 -0.47748449311472085
A219BS010434 181.4554634994923 1373.4250943782142 -0.47728681760370273
A219BS010434 181.11387143769187 1373.0599713231047 -0.4771528683597331
A219BS010434 180.75757593775057 1372.7091862748578 -0.47898771111508065
A219BS010434 180.38236480005435 1372.3787151764864 -0.4813233673174916
A219BS010434 179.99822326327015 1372.0586704617917 -0.4839041255688456
A219BS010434 179.6097055203492 1371.7439482627906 -0.4858791930307811
A219BS010434 179.20810942984116 1371.4460965730393 -0.488104277520158
A219BS010434 178.8003308356662 1371.15676784991 -0.49045121276694637
A219BS010434 178.3938386160153 1370.8656342475265 -0.4927535868622576
A219BS010434 177.97067984804102 1370.5992985385037 -0.49414900285826485
A219BS010434 177.5372518712004 1370.3500204880522 -0.4949505357097831
A219BS010434 177.0990255687672 1370.1092769548145 -0.49545951502331625
A219BS010434 176.65032084680917 1369.8886798909457 -0.49646345978006995
A219BS010434 176.19387182903898 1369.6845905594464 -0.4978195367739887
A219BS010434 175.72818364873964 1369.5025637927156 -0.4986998338928343
A219BS010434 175.25835161489746 1369.3315157218624 -0.4993459245542165
A219BS010434 174.7861144186822 1369.1672232280807 -0.4992622721637423
A219BS010434 174.30763381916412 1369.022115490012 -0.4995077053391292
A219BS010434 173.8230092140493 1368.8990748784013 -0.4995111341815456
A219BS010434 173.33574790319037 1368.7869303212135 -0.49939609868562185
A219BS010434 172.8472875632438 1368.6801292612504 -0.49922321139482384
A219BS010434 172.35696722540763 1368.5822240543473 -0.4984905686007736
A219BS010434 171.86350122424886 1368.501657926963 -0.49785431498717814
A219BS010434 171.3687213945308 1368.4295984145797 -0.4972654353244366
A219BS010434 170.87335373753186 1368.361697277759 -0.49669973413337576
A219BS010434 170.37680661750122 1368.303040337781 -0.4961331816750052
A219BS010434 169.87974669286595 1368.2489006116077 -0.4955662853494225
A219BS010434 169.3816271415104 1368.2055772743333 -0.49559798279179285
A219BS010434 168.8828515847843 1368.1706067924888 -0.4955009666078746
A219BS010434 168.38380695904775 1368.1397128449044 -0.49534119769910895
A219BS010434 167.88436879862718 1368.116017677492 -0.49509028530267896
A219BS010434 167.38477644238895 1368.095833763836 -0.49479495859016354
A219BS010434 166.88511787877917 1368.0773616404676 -0.49447798907844137
A219BS010434 166.38527055934892 1368.0650395956925 -0.49356998524191986
A219BS010434 165.8853589280559 1368.0557159490384 -0.49237394551869623
A219BS010434 165.3854225328076 1368.0478537139372 -0.4910375453699856
A219BS010434 164.88544478603134 1368.0434182384608 -0.4894315298556099
A219BS010434 164.38545545193648 1368.0406528658327 -0.4876941451553553
A219BS010434 163.88546079306238 1368.0392963224574 -0.4858230793017753
A219BS010434 163.38547052811978 1368.0367418971605 -0.48403146716792694
A219BS010434 162.88548344903307 1368.0336037246611 -0.4822785782117135
A219BS010434 162.38549817054113 1368.0301810832366 -0.4805445606242483
A219BS010434 161.88550618310097 1368.0280239594003 -0.4787117179106403
A219BS010434 161.38551209414558 1368.026483551342 -0.4768307201185907
A219BS010434 160.88551746113475 1368.0260623353663 -0.47455266448233596
A219BS010434 160.38552586250535 1368.0238684264696 -0.47265844597226386
A219BS010434 159.88553812696102 1368.020810663601 -0.4709512870769659
A219BS010434 159.38555284016593 1368.0173319382177 -0.4693352864170787
A219BS010434 158.88556160191789 1368.0151796680996 -0.4673031918032601
A219BS010434 158.38556423105754 1368.0151589827205 -0.46568186368732145
A219BS010434 157.88556697723243 1368.0165990681087 -0.4648619116074941
A219BS010434 157.38557179243887 1368.0187509906038 -0.46443247847539
A219BS010434 156.8855736645682 1368.0201183405734 -0.4644822770338291
A219BS010434 156.3855743764351 1368.0209072555429 -0.46418314567430896
A219BS010434 155.88557485364365 1368.021414298881 -0.4637139811240129
A219BS010434 155.3855784641386 1368.0231735983994 -0.4629961043098921
A219BS010434 154.88558478284756 1368.0255431186174 -0.4621570316223586
A219BS010434 154.38559270178612 1368.028209996419 -0.4612589009810415
A219BS010434 153.88598171052516 1368.0244115961914 -0.4806090835882511
A219BS010434 153.43695867457427 1368.0209978017956 -0.49799996948242153
A219BS010474 153.43695867457427 1368.0209978017956 -0.49799996948242153
A219BS010474 152.93711659549666 1368.008459956602 -0.4988356855049261
A219BS010474 152.43727451641905 1367.9959221114086 -0.49967140152743067
A219BS010474 151.93743243734144 1367.9833842662151 -0.5005071175499353
A219BS010474 151.43759035826383 1367.9708464210216 -0.5013428335724398
A219BS010474 150.93774827918622 1367.9583085758281 -0.5021785495949443
A219BS010474 150.43790426693275 1367.9458458779825 -0.5029814049682781
A219BS010474 149.93806025467927 1367.9333831801368 -0.5037842603416121
A219BS010474 149.4382162424258 1367.9209204822912 -0.5045871157149459
A219BS010474 148.93837223017232 1367.9084577844455 -0.5053899710882798
A219BS010474 148.44190778712849 1367.8491025561134 -0.5055068591504914
A219BS010474 147.94544334408465 1367.7897473277812 -0.5056237472127029
A219BS010474 147.44897890104082 1367.730392099449 -0.5057406352749143
A219BS010474 146.95251445799698 1367.671036871117 -0.5058575233371257
A219BS010474 146.45605001495315 1367.6116816427848 -0.5059744113993372
A219BS010474 145.9731096063421 1367.482190635356 -0.5051739580133066
A219BS010474 145.49016919773103 1367.352699627927 -0.5043735046272759
A219BS010474 145.00722878911998 1367.223208620498 -0.5035730512412453
A219BS010474 144.52428838050892 1367.0937176130692 -0.5027725978552147
A219BS010474 144.04134797189786 1366.9642266056403 -0.501972144469184
A219BS010474 143.5584075632868 1366.8347355982114 -0.5011716910831534
A219BS010474 143.07615323195924 1366.7027138639878 -0.50016094462749
A219BS010474 142.59389890063167 1366.5706921297642 -0.4991501981718263
A219BS010474 142.1426767797045 1366.3552887941705 -0.4991256807532364
A219BS010474 141.6914546587773 1366.1398854585768 -0.4991011633346465
A219BS010474 141.2402325378501 1365.9244821229831 -0.4990766459160566
A219BS010474 140.78901041692288 1365.7090787873894 -0.4990521284974667
A219BS010474 140.33778829599567 1365.4936754517958 -0.49902761107887683
A219BS010474 139.88656617506845 1365.2782721162023 -0.49900309366028694
A219BS010474 139.4361209577502 1365.0612488312959 -0.49900121460760594
A219BS010474 139.00750597211038 1364.803798104732 -0.5018852182058512
A219BS010474 138.57889098647058 1364.5463473781683 -0.5047692218040989
A219BS010474 138.1502760008308 1364.2888966516045 -0.5076532254023465
A219BS010474 137.721661015191 1364.0314459250408 -0.5105372290005941
A219BS010474 137.2930460295512 1363.773995198477 -0.5134212325988416
A219BS010474 136.8644310439114 1363.5165444719132 -0.5163052361970892
A219BS010474 136.43799518890563 1363.2555017428397 -0.5193309862399813
A219BS010474 136.0115593338999 1362.9944590137661 -0.5223567362828736
A219BS010474 135.60768372818302 1362.6997309340265 -0.5268125324884594
A219BS010474 135.20380812246617 1362.405002854287 -0.531268328694046
A219BS010474 134.79993251674932 1362.1102747745474 -0.5357241248996326
A219BS010474 134.39605691103247 1361.8155466948078 -0.5401799211052192
A219BS010474 133.99218130531563 1361.5208186150683 -0.5446357173108057
A219BS010474 133.58830569959878 1361.2260905353287 -0.5490915135163923
A219BS010474 133.18522788486226 1360.9302716885952 -0.5535057161038197
A219BS010474 132.78215007012574 1360.6344528418617 -0.5579199186912472
A219BS010474 132.3790722553892 1360.3386339951282 -0.5623341212786748
A219BS010474 132.08027622585178 1359.9377373920058 -0.5640212305313111
A219BS010474 131.7814801963144 1359.5368407888834 -0.5657083397839456
A219BS010474 131.48268416677703 1359.135944185761 -0.56739544903658
A219BS010474 131.18388813723968 1358.7350475826386 -0.5690825582892144
A219BS010474 130.88509210770232 1358.3341509795162 -0.5707696675418488
A219BS010474 130.58629607816496 1357.9332543763937 -0.5724567767944831
A219BS010474 130.40133208345117 1357.4687358683768 -0.5757547108934158
A219BS010474 130.21636808873745 1357.00421736036 -0.5790526449923497
A219BS010474 130.03140409402374 1356.539698852343 -0.5823505790912833
A219BS010474 129.84644009931003 1356.075180344326 -0.5856485131902169
A219BS010474 129.66147610459632 1355.6106618363092 -0.5889464472891506
A219BS010474 129.4765121098826 1355.1461433282923 -0.5922443813880842
A219BS010474 129.3008950202512 1354.678009867362 -0.5953589579169587
A219BS010474 129.1519586389768 1354.2809978011064 -0.5980003509521481