A219BS010380 -24.275041572691407 1022.6089977989905 -0.6269996795654293
A219BS010380 -24.16754902884235 1023.0973056344588 -0.6279001444415439
A219BS010380 -24.060056484993307 1023.5856134699272 -0.6288006093176581
A219BS010380 -23.952563941144266 1024.0739213053957 -0.6297010741937724
A219BS010380 -23.845071397295182 1024.5622291408642 -0.6306015390698871
A219BS010380 -23.737655473415955 1025.0505538512948 -0.631493996369609
A219BS010380 -23.63027786052438 1025.538886994651 -0.632382449872746
A219BS010380 -23.522919403376893 1026.027224353331 -0.6332689014755358
A219BS010380 -23.41557052416391 1026.5155638193878 -0.6341543521276496
A219BS010380 -23.30822643393377 1027.0039043390623 -0.6350393023043043
A219BS010380 -23.200884738198894 1027.4922453855274 -0.6359240022432014
A219BS010380 -23.09354423971263 1027.9805866953836 -0.6368085770632137
A219BS010380 -22.971458589534308 1028.4654525137585 -0.6363267138324936
A219BS010380 -22.8420384969975 1028.9484111886984 -0.6351614035567967
A219BS010380 -22.708963585898726 1029.4303746702176 -0.6336545797321478
A219BS010380 -22.574065142362 1029.9118303754233 -0.631977124460171
A219BS010380 -22.438256208748854 1030.3930297378515 -0.6302144136179992
A219BS010380 -22.301992492575298 1030.8741003568982 -0.6284091034875267
A219BS010380 -22.165501571211234 1031.3551064815288 -0.6265825074448491
A219BS010380 -22.003257947457442 1031.8280503870353 -0.6255486817570067
A219BS010380 -21.828300095233583 1032.2964405509624 -0.6249128502801417
A219BS010380 -21.64704324603093 1032.7624295676383 -0.6244758667015189
A219BS010380 -21.462656557209602 1033.2271891128903 -0.6241381053537245
A219BS010380 -21.276711985691293 1033.6913275978536 -0.6238498366461926
A219BS010380 -21.08999123925636 1034.1551543902817 -0.623586252445074
A219BS010380 -20.902883593451065 1034.618825249559 -0.6233349792043373
A219BS010380 -20.716569858067658 1035.082814674261 -0.6223320973351557
A219BS010380 -20.530652423619152 1035.5469620748222 -0.6209543744192093
A219BS010380 -20.344932721404774 1036.0111880370873 -0.6193897120111094
A219BS010380 -20.159311654056584 1036.47545312381 -0.6177318197278677
A219BS010380 -19.973739783198276 1036.9397377087457 -0.6160274321050297
A219BS010380 -19.78819244887499 1037.4040320143406 -0.6142998564477292
A219BS010380 -19.588668239211852 1037.8624943489558 -0.6127579428803914
A219BS010380 -19.382238009678314 1038.3178891902649 -0.6113092042057561
A219BS010380 -19.172382335113127 1038.7717158419669 -0.6099070423808433
A219BS010380 -18.960823699603708 1039.224751207399 -0.6085281264884259
A219BS010380 -18.74841738535847 1039.677389791811 -0.6071608041441495
A219BS010380 -18.53558885310462 1040.1298300221858 -0.6057992619899087
A219BS010380 -18.321877638180524 1040.5818544653605 -0.604607881141064
A219BS010380 -18.10772679477371 1041.033671011953 -0.6035013128566699
A219BS010380 -17.8933569130463 1041.4853837758656 -0.602437016605194
A219BS010380 -17.67887787939922 1041.9370447724134 -0.6013937893336673
A219BS010380 -17.464344447968053 1042.3886799573525 -0.6003610631131809
A219BS010380 -17.249783905239582 1042.8403022749626 -0.5993335707455982
A219BS010380 -17.033184907240848 1043.2909506736246 -0.5983876060199784
A219BS010380 -16.815411088478857 1043.7410330294904 -0.5977266974230038
A219BS010380 -16.597052308258338 1044.1908320667433 -0.5972078650799215
A219BS010380 -16.37840212444637 1044.6404895990906 -0.5967598446533622
A219BS010380 -16.159606739665406 1045.0900765309011 -0.5963471172822625
A219BS010380 -15.940738995016504 1045.5396282567558 -0.5959519801401955
A219BS010380 -15.721835188116835 1045.9891624312554 -0.5955656100477894
A219BS010380 -15.502869950795214 1046.4386666370337 -0.5951253461343401
A219BS010380 -15.28387409876592 1046.8881559011863 -0.5946582213145253
A219BS010380 -15.064862988851184 1047.3376377171053 -0.5941777089055817
A219BS010380 -14.845844274494173 1047.787115820479 -0.5936905240654289
A219BS010380 -14.62682177008869 1048.2365920734262 -0.5932000136571814
A219BS010380 -14.407797376716307 1048.6860674040936 -0.5927078457716308
A219BS010380 -14.183768218283578 1049.1330694528451 -0.5923844515649881
A219BS010380 -13.954692649192461 1049.5775065391524 -0.5921395838575021
A219BS010380 -13.723112851098978 1050.020643938607 -0.5919338664846988
A219BS010380 -13.490287821383099 1050.46312836869 -0.591747662168796
A219BS010380 -13.256842935761666 1050.9052860942043 -0.5915711824561677
A219BS010380 -13.023089327341935 1051.3472806881675 -0.5913995489531868
A219BS010380 -12.789181915356387 1051.7891939081364 -0.5912303304978432
A219BS010380 -12.554939893697268 1052.2309298782902 -0.5911411044971367
A219BS010380 -12.320531178105357 1052.6725774205881 -0.591091741224975
A219BS010380 -12.086039406851103 1053.114180872051 -0.591062242771793
A219BS010380 -11.85150624966171 1053.5557623456148 -0.5910426435641605
A219BS010380 -11.616952469402756 1053.9973328654087 -0.5910279774523874
A219BS010380 -11.382388412239276 1054.4388979262299 -0.5910157696526355
A219BS010380 -11.147279086945506 1054.8801722194862 -0.5902390644830405
A219BS010380 -10.911898376545427 1055.3213009772824 -0.5890813871839742
A219BS010380 -10.676382511206837 1055.7623570523406 -0.5877338605315373
A219BS010380 -10.440799315154818 1056.2033768682074 -0.5862917264948844
A219BS010380 -10.205127385370279 1056.644348899134 -0.5847394855097763
A219BS010380 -9.969411244814806 1057.0852971027562 -0.5831323750659245
A219BS010380 -9.733673074689582 1057.5262334288939 -0.5814979215828042
A219BS010380 -9.497923927070786 1057.9671638352297 -0.5798498422689096
A219BS010380 -9.26216930916688 1058.4080912913312 -0.5781949728069186
A219BS010380 -9.026411965290137 1058.8490172771888 -0.5765367196162783
A219BS010380 -8.787529287276788 1059.288244200537 -0.5726927696809196
A219BS010380 -8.54709531552332 1059.7266129606196 -0.5677596762824849
A219BS010380 -8.305889861827191 1060.164551249329 -0.5622838759144317
A219BS010380 -8.064300359082024 1060.602274327354 -0.5565376486731077
A219BS010380 -7.822519578406253 1061.0398899899672 -0.5506566681890169
A219BS010380 -7.58064350667776 1061.477452083498 -0.5447085399073572
A219BS010380 -7.338496603435081 1061.9148607675115 -0.5385020594548472
A219BS010380 -7.096214802318374 1062.3521928997263 -0.5321668420141766
A219BS010380 -6.853865795488296 1062.7894868591914 -0.5257674745510307
A219BS010380 -6.61148330330781 1063.226761790363 -0.5193361408515899
A219BS010380 -6.3690841260880555 1063.664027237989 -0.5128888782136702
A219BS010380 -6.12667663484089 1064.1012879595028 -0.5064336780985939
A219BS010380 -5.879027355107122 1064.5356247063714 -0.5018050101498966
A219BS010380 -5.628780364340736 1064.9684787453753 -0.4980868747915953
A219BS010380 -5.37745770082974 1065.4007168074147 -0.4954079701618891
A219BS010380 -5.125600054313184 1065.8326462641485 -0.4932468832058971
A219BS010380 -4.873952596503979 1066.2647022266185 -0.4921504014226816
A219BS010380 -4.622410314730408 1066.69682045128 -0.49158436653871185
A219BS010380 -4.370751074492057 1067.1288704056192 -0.4909033686690881
A219BS010380 -4.119033571301737 1067.5608863237665 -0.49016509027457844
A219BS010380 -3.8740411914013935 1067.9967490569807 -0.4886121621166672
A219BS010380 -3.6324223251891516 1068.434489261658 -0.4866534126691768
A219BS010380 -3.388562746869418 1068.8709859594621 -0.4848817276286858
A219BS010380 -3.1435892832591 1069.3068588593408 -0.48320325268184383
A219BS010380 -2.899745567232787 1069.7433667096118 -0.4821361040572735
A219BS010380 -2.65646540592794 1070.1801895358883 -0.48137350369652354
A219BS010380 -2.4134661740056393 1070.6171689405587 -0.4807626197996067
A219BS010380 -2.1673310034875923 1071.0523892250496 -0.4798784243195857
A219BS010380 -1.9195170651366467 1071.4866554993137 -0.47885129439770496
A219BS010380 -1.6736580775032648 1071.92203225091 -0.4781861858743159
A219BS010380 -1.4287748623032566 1072.3579588226173 -0.477701425418076
A219BS010380 -1.1855000315628734 1072.7947846721804 -0.476970753314089
A219BS010380 -0.9430276673727926 1073.2320562407824 -0.4761175848723496
A219BS010380 -0.7035863656803114 1073.6709953694751 -0.47556590899722023
A219BS010380 -0.46090377958423956 1074.108151042207 -0.4752827057516716
A219BS010380 -0.21797878724071237 1074.5451721474183 -0.4753238748518198
A219BS010380 0.02506688473267832 1074.982126104066 -0.47552661794703055
A219BS010380 0.2702108298986059 1075.4179061366096 -0.47598420381024426
A219BS010380 0.512704523983711 1075.8551665445902 -0.47636360022543467
A219BS010380 0.7554703991353616 1076.2922759977141 -0.476599929879462
A219BS010380 0.9983718044700052 1076.7293101840644 -0.476764998303341
A219BS010380 1.242502793916042 1077.1656587267737 -0.4768612667603977
A219BS010380 1.4872455148828272 1077.601664456885 -0.47692326569539606
A219BS010380 1.7329976078158862 1078.0371016503475 -0.47632379217707044
A219BS010380 1.9792518130916226 1078.4722545010072 -0.47539484288306333
A219BS010380 2.2257559549798955 1078.907265435646 -0.47430178447205773
A219BS010380 2.471370454207927 1079.3427802652272 -0.4737093456131386
A219BS010380 2.7165413527478566 1079.778545239501 -0.47336626347791044
A219BS010380 2.9605839192196903 1080.2149425647708 -0.4725915072654265
A219BS010380 3.2041129778083195 1080.6516269971128 -0.47203998838505795
A219BS010380 3.447386119664173 1081.0884541764003 -0.47159966197743636
A219BS010380 3.6845182932963167 1081.5286443180391 -0.4706140492051166
A219BS010380 3.9227169568021854 1081.968258446057 -0.4697111920347228
A219BS010380 4.1625238782506715 1082.406997858916 -0.46910453762875676
A219BS010380 4.403130549060284 1082.8452993751825 -0.4686454077675548
A219BS010380 4.643353102852542 1083.2838116826488 -0.46836106615420525
A219BS010380 4.883924396110113 1083.7221328300834 -0.46820431198760676
A219BS010380 5.124669310694228 1084.160358659324 -0.4681111006874529
A219BS010380 5.3655498976845974 1084.5985098979181 -0.4679242062153226
A219BS010380 5.606498042258052 1085.0366239664895 -0.4676906544287924
A219BS010380 5.847479829821652 1085.4747195178504 -0.4674338657596218
A219BS010380 6.088660437189953 1085.9127056866826 -0.4672591051783005
A219BS010380 6.329921366249003 1086.3506476369855 -0.4671483152029745
A219BS010380 6.571203045523311 1086.7885780989761 -0.46689990563478284
A219BS010380 6.8124950520685115 1087.2265028266645 -0.46658295697481494
A219BS010380 7.053335826889654 1087.6646759356888 -0.4663645274035799
A219BS010380 7.29395177445962 1088.1029725670824 -0.4661951637081785
A219BS010380 7.536676859709813 1088.5401047256998 -0.46610086241448206
A219BS010380 7.7796004255177476 1088.97712645216 -0.46571127688801855
A219BS010380 8.022570650288973 1089.4141223130214 -0.4654155325467298
A219BS010380 8.26544642281644 1089.8511707337927 -0.4652231254735886
A219BS010380 8.506881297046183 1090.2890166144982 -0.46479155278801687
A219BS010380 8.747117328731802 1090.7275216190105 -0.46489203954324987
A219BS010380 8.98877812352191 1091.1652429658996 -0.46460439570220124
A219BS010380 9.23100138591192 1091.6026528965974 -0.4639382995866019
A219BS010380 9.473769071015768 1092.0397612137876 -0.46352585265622953
A219BS010380 9.71662586694317 1092.4768201533066 -0.463280784151471
A219BS010380 9.95994454134745 1092.9136219923332 -0.4628611307403541
A219BS010380 10.203179246366927 1093.3504706859267 -0.46254939413514645
A219BS010380 10.446372125569324 1093.787342700303 -0.46229140201253266
A219BS010380 10.689185103090995 1094.2244260320674 -0.4621534134604185
A219BS010380 10.931376886305063 1094.6618538944392 -0.4620801707206278
A219BS010380 11.173514396600474 1095.0993118063495 -0.46204255408837097
A219BS010380 11.415624876217047 1095.536784680097 -0.4620226798594694
A219BS010380 11.65772189364092 1095.9742650042633 -0.46201164164686687
A219BS010380 11.900687515080397 1096.4112635245906 -0.4620061380315806
A219BS010380 12.144663228767334 1096.847698916285 -0.46200339453714767
A219BS010380 12.387966427113803 1097.28450957741 -0.4620020277874195
A219BS010380 12.630808299873868 1097.7215768775297 -0.4620013470602157
A219BS010380 12.87342032491299 1098.1587718058013 -0.4620010079823285
A219BS010380 13.115917857600785 1098.5960302495623 -0.4620008390505416
A219BS010380 13.35797722709145 1099.0335313121188 -0.462287027386889
A219BS010380 13.600501090377236 1099.4707750882758 -0.4625235628590558
A219BS010380 13.843256174980958 1099.9078905467493 -0.46273537042814705
A219BS010380 14.085831671385789 1100.3451057290001 -0.4628491833970313
A219BS010380 14.328317711788168 1100.7823705411947 -0.46291419377416043
A219BS010380 14.570759197300829 1101.2196600613588 -0.4629548998307112
A219BS010380 14.812567795264806 1101.6572998230274 -0.4631572791059111
A219BS010380 15.054061008465283 1102.0951136509825 -0.46344017366505214
A219BS010380 15.295758737966182 1102.5328146629306 -0.4636182008333378
A219BS010380 15.537558295449852 1102.9704594483155 -0.46374400273921335
A219BS010380 15.779408558637769 1103.4080762215742 -0.46384379582831836
A219BS010380 16.021485042588274 1103.8455678436894 -0.46408148700146257
A219BS010380 16.263674156225495 1104.2829970829675 -0.4643878530705641
A219BS010380 16.506641768474672 1104.7199944381566 -0.4646135867028957
A219BS010380 16.74999679343558 1105.1567761884476 -0.4647991640675995
A219BS010380 16.99286981378995 1105.5938261706115 -0.4648944240817804
A219BS010380 17.235502677151995 1106.031009531558 -0.46494470498441814
A219BS010380 17.478015911694087 1106.4682592660286 -0.4649725857994765
A219BS010380 17.720824060456433 1106.9053453018362 -0.46498660552616394
A219BS010380 17.96377903837318 1107.3423497396338 -0.4649937222799504
A219BS010380 18.205771323933362 1107.779887969762 -0.4651695221245446
A219BS010380 18.447283729403804 1108.2176912252376 -0.4654293278407167
A219BS010380 18.689059027253116 1108.6553493300019 -0.46572712635710267
A219BS010380 18.930965214821363 1109.092935088574 -0.46604384558934214
A219BS010380 19.17293657842312 1109.5304848032672 -0.4663699874943518
A219BS010380 19.416468157983232 1109.9671681142024 -0.4666060118846341
A219BS010380 19.660775584681613 1110.4034178646025 -0.4667971554828629
A219BS010380 19.899460630955343 1110.8427687134315 -0.46732660657166336
A219BS010380 20.13973320380444 1111.2812534819236 -0.46777218146138444
A219BS010380 20.38079513875186 1111.7193048264724 -0.4681759865378105
A219BS010380 20.62224985325399 1112.1571398115432 -0.46855899137167706
A219BS010380 20.86687951034019 1112.5932089405017 -0.46877263440325273
A219BS010380 21.112605009600813 1113.028661540233 -0.4688839904493704
A219BS010380 21.357020673474107 1113.4648506567348 -0.46907866661363484
A219BS010380 21.600783282361874 1113.9014050459402 -0.46931483115463846
A219BS010380 21.844220502844905 1114.3381409543854 -0.4695716543455828
A219BS010380 22.083637776815305 1114.7770934996051 -0.46975045493903494
A219BS010380 22.325995898212515 1115.2144291400482 -0.4700307958274088
A219BS010380 22.56981429341148 1115.6509523131674 -0.4703616924208566
A219BS010380 22.813203985610656 1116.0877146557366 -0.47069910104366536
A219BS010380 23.056380136110292 1116.5245959254028 -0.47103975192969844
A219BS010380 23.299449941142676 1116.9615363706994 -0.47138201712918765
A219BS010380 23.540422925010358 1117.399636783559 -0.4716040490034422
A219BS010380 23.78034980427732 1117.8383109978774 -0.47176621318607953
A219BS010380 24.021434551719004 1118.2763499621003 -0.4718680633126776
A219BS010380 24.263138854379868 1118.7140473399002 -0.47205659034799236
A219BS010380 24.50515144921238 1119.1515743108007 -0.47228827350412284
A219BS010380 24.747317496350025 1119.5890163544116 -0.4725414439229024
A219BS010380 24.989055271430768 1120.0266950250068 -0.47302040624473274
A219BS010380 25.232155670032714 1120.4636184551957 -0.4733555950768645
A219BS010380 25.475933630589477 1120.9001642562982 -0.4736191979384111
A219BS010380 25.719171146315237 1121.3370114022023 -0.47390565732054646
A219BS010380 25.962139438750306 1121.7740083360163 -0.4742034966610649
A219BS010380 26.204973652303575 1122.2110797862535 -0.47450700196284656
A219BS010380 26.446761721310995 1122.6487308961396 -0.47469594977182256
A219BS010380 26.68802839987318 1123.0866696731568 -0.47482785960456114
A219BS010380 26.927645186335308 1123.5255132354152 -0.47517929941692294
A219BS010380 27.16815585105834 1123.963867617174 -0.47541625400697163
A219BS010380 27.409111190622554 1124.4019777539572 -0.47559620730895125
A219BS010380 27.650287834262464 1124.8399661140631 -0.47574778035003773
A219BS010380 27.894118135853233 1125.2764826712755 -0.47602939292052787
A219BS010380 28.139266332152765 1125.7122604149583 -0.476375747980073
A219BS010380 28.381494475599517 1126.1496680646192 -0.4766487691371645
A219BS010380 28.624683596659086 1126.5865422124696 -0.47682294804445
A219BS010380 28.86733806600622 1127.023713512072 -0.4770745627026526
A219BS010380 29.109726214553525 1127.4610325046242 -0.47736472960117055
A219BS010380 29.35198173800141 1127.898424966442 -0.4776740901586417
A219BS010380 29.594711007784834 1128.3355547818162 -0.4778356493950447
A219BS010380 29.83751028067759 1128.772645617189 -0.47817434671061193
A219BS010380 30.080143068072136 1129.2098288767174 -0.47853221426661974
A219BS010380 30.322692955480473 1129.647058126799 -0.4788996259291003
A219BS010380 30.565201566893098 1130.0843102678862 -0.4792717892297764
A219BS010380 30.809197081693323 1130.5207344896132 -0.47956750413508464
A219BS010380 31.05088577642802 1130.9584404908833 -0.47974439280582903
A219BS010380 31.29142346559159 1131.3967800923708 -0.4798621199525122
A219BS010380 31.532576192485987 1131.834781594314 -0.48007800600546335
A219BS010380 31.774034935617674 1132.2726144451492 -0.48034276036080853
A219BS010380 32.01564598397577 1132.7103632518204 -0.4806318437303654
A219BS010380 32.26082658262255 1133.1461228685635 -0.4808063803757109
A219BS010380 32.50651159584552 1133.5815983156415 -0.48090266031384415
A219BS010380 32.748743314489374 1134.019003802094 -0.4813873294171964
A219BS010380 32.989723069802864 1134.4571004655638 -0.48165376068945853
A219BS010380 33.230078821748364 1134.8955398429125 -0.481811548163731
A219BS010380 33.471706032967354 1135.3332798150354 -0.48189875085794975
A219BS010380 33.71329399511502 1135.7710413274456 -0.48155993269570313
A219BS010380 33.95209713343023 1136.21032825012 -0.4813135631167838
A219BS010380 34.194684624165866 1136.6475366709326 -0.48098781906034643
A219BS010380 34.43914931233734 1137.083698203888 -0.48062256949651133
A219BS010380 34.68465600764897 1137.5192738876046 -0.48008748826461056
A219BS010380 34.93205826082086 1137.9537754253806 -0.4793534611142293
A219BS010380 35.18006534765108 1138.3879325303997 -0.4790484307289857
A219BS010380 35.42837325716821 1138.8219177533063 -0.4789569436791522
A219BS010380 35.67683084639958 1139.2558173109621 -0.47897175249652335
A219BS010380 35.92309699845868 1139.6909642583087 -0.47863033625662244
A219BS010380 36.165453752373935 1140.128300236539 -0.4779625211736367
A219BS010380 36.41819898955178 1140.5597161350336 -0.4775531191508074
A219BS010380 36.67174777947457 1140.9906602174608 -0.4770960090436223
A219BS010380 36.92569609103 1141.421368963416 -0.4766151598219479
A219BS010380 37.17440489365791 1141.8551241651976 -0.4760181482521861
A219BS010380 37.41979982755938 1142.2907624976456 -0.4752633520119053
A219BS010380 37.66431326492514 1142.726778245421 -0.48543422411692144
A219BS010380 37.908551438254314 1143.1628636860485 -0.49874599190401936
A219BS010380 38.004958513367455 1143.3349978011101 -0.5040004882812497
A219BS010669 38.004958513367455 1143.3349978011101 -0.5040004882812497
A219BS010669 38.23916253722966 1143.7767538960134 -0.5038336873709517
A219BS010669 38.47336656109185 1144.2185099909166 -0.5036668864606537
A219BS010669 38.70757058495403 1144.6602660858198 -0.5035000855503557
A219BS010669 38.941774608816196 1145.102022180723 -0.5033332846400578
A219BS010669 39.175978632678365 1145.5437782756262 -0.5031664837297598
A219BS010669 39.41000152319826 1145.985630377275 -0.5030829289905637
A219BS010669 39.61684278487844 1146.4408409776713 -0.503041056462884
A219BS010669 39.80977659734966 1146.9021180566244 -0.5030201307041258
A219BS010669 39.99569897778923 1147.3662655206294 -0.5030096722861935
A219BS010669 40.178107237099695 1147.8318052363443 -0.5030044371555744
A219BS010669 40.35875871551541 1148.2980294778197 -0.5030018075726317
A219BS010669 40.53853297965231 1148.7645926717735 -0.5030004776090288
A219BS010669 40.691723429445204 1149.240545996898 -0.5019429355551668
A219BS010669 40.831445503321895 1149.7206243577753 -0.5003587988678496
A219BS010669 40.96441585387487 1150.2026155174965 -0.49851276949729584
A219BS010669 41.0940151299447 1150.6855235024993 -0.4965364945619474
A219BS010669 41.22193409949253 1151.168879035487 -0.4944954261961126
A219BS010669 41.34901616215619 1151.6524551419493 -0.4924221177785956
A219BS010669 41.406933561722205 1152.149084377857 -0.4901912279874948
A219BS010669 41.42956606052105 1152.6485666193528 -0.4878976656127142
A219BS010669 41.4347177800175 1153.148534694359 -0.48557737235306175
A219BS010669 41.43126909739112 1153.6485173605577 -0.4832449725276255
A219BS010669 41.37178152685197 1154.144965927655 -0.48302321036312723
A219BS010669 41.28483999203098 1154.6373483917585 -0.4838469618077139
A219BS010669 41.184573960993966 1155.1271901453238 -0.4851809348633113
A219BS010669 41.077839527049726 1155.615662515925 -0.4867632654298685
A219BS010669 40.89486415180553 1156.0809788376537 -0.48761929527570147
A219BS010669 40.675910349978956 1156.5304885634705 -0.48810823480133647
A219BS010669 40.44008163260078 1156.9713793883855 -0.4884189849770206
A219BS010669 40.196278693446665 1157.407911261427 -0.48864410440594136
A219BS010669 39.94868442243677 1157.8423039905097 -0.48882817807184775
A219BS010669 39.664556063630165 1158.2537287369528 -0.4896963578663714
A219BS010669 39.3636132627439 1158.653018109409 -0.49089119606514897
A219BS010669 39.054824015686705 1159.0462704179122 -0.4922412919032313
A219BS010669 38.7423366468476 1159.4365903081896 -0.4936652195323225
A219BS010669 38.42809666341604 1159.8255004571065 -0.4951242885155974
A219BS010669 38.08266416867146 1160.1869848994759 -0.492802758972543
A219BS010669 37.723159386842894 1160.5344605121206 -0.4886783851439526
A219BS010669 37.357166776148624 1160.8750843798093 -0.4836994617721252
A219BS010669 36.98814119430682 1161.2124137947196 -0.47831561717855203
A219BS010669 36.61785962098476 1161.5483612985909 -0.47276304113097545
A219BS010669 36.36695851193508 1161.7759977984242 -0.4690006408691403
A219BS010385 36.36695851193508 1161.7759977984242 -0.4690006408691403
A219BS010385 35.93164377297074 1162.0219223602305 -0.4737110485796091
A219BS010385 35.49628710732778 1162.2678163830233 -0.47287245746131096
A219BS010385 35.06093044168482 1162.513710405816 -0.4720338663430121
A219BS010385 34.62557377604185 1162.7596044286088 -0.4711952752247133
A219BS010385 34.189458523784445 1163.00413953072 -0.4687314197247753
A219BS010385 33.753080508040384 1163.248216472522 -0.46791053245231246
A219BS010385 33.316702492296336 1163.492293414324 -0.46708964517985024
A219BS010385 32.87997633328499 1163.7357451336661 -0.4658557956897944
A219BS010385 32.443250174273665 1163.9791968530083 -0.4646219461997385
A219BS010385 32.005509380385824 1164.2208223380496 -0.46497172466889464
A219BS010385 31.567105836661327 1164.4612379625612 -0.46660277970096836
A219BS010385 31.12870229293684 1164.7016535870728 -0.4682338347330422
A219BS010385 30.690638786751922 1164.942688123192 -0.4698821510651026
A219BS010385 30.25274562742353 1165.1840319350956 -0.4715390968242175
A219BS010385 29.814937723401723 1165.425530339626 -0.47320035698385854
A219BS010385 29.37687040173114 1165.666558873861 -0.4747061354913471
A219BS010385 28.938561018385123 1165.9071459111665 -0.4763680474699639
A219BS010385 28.50013078705451 1166.1475120999955 -0.47810802539462977
A219BS010385 28.062070261926397 1166.388552715135 -0.4796566304811472
A219BS010385 27.62426834836166 1166.6300633719766 -0.4811013141605709
A219BS010385 27.186595936275733 1166.8718089407528 -0.48249403665243074
A219BS010385 26.748541966281277 1167.1128605893923 -0.48417393554409416
A219BS010385 26.310223383165393 1167.353431318508 -0.48576892394368404
A219BS010385 25.87177269702672 1167.5937614778034 -0.48732145658328363
A219BS010385 25.43376089147022 1167.8348912495944 -0.48876760635621347
A219BS010385 24.99595525882903 1168.0763939732785 -0.490399317375108
A219BS010385 24.55825285369343 1168.318083093165 -0.4921238077488768
A219BS010385 24.11981227578787 1168.5584337022508 -0.49332562214642206
A219BS010385 23.681657621471274 1168.7993051301776 -0.49453148668079394
A219BS010385 23.243646159047962 1169.040436836492 -0.4957393756179401
A219BS010385 22.805706349497495 1169.28169864816 -0.4969482765816433
A219BS010385 22.367285489739288 1169.5220861921623 -0.4979374264630982
A219BS010385 21.928624794488368 1169.7620362313764 -0.49881670063717476
A219BS010385 21.48984435522003 1170.001767427895 -0.4996410375269808
A219BS010385 21.05154523643689 1170.2423767181156 -0.5006666756069026
A219BS010385 20.61348746007024 1170.4834246719456 -0.5017929611341957
A219BS010385 20.17555052393938 1170.7246918590356 -0.5029695689698039
A219BS010385 19.73713573502011 1170.965091045384 -0.5038086517009461
A219BS010385 19.2984827445256 1171.20505584405 -0.5044789735275829
A219BS010385 18.859710836108913 1171.4448033551012 -0.5050649164981753
A219BS010385 18.421402264849466 1171.6853960214266 -0.5059397141538555
A219BS010385 17.98332602289946 1171.926410891151 -0.5069589347878745
A219BS010385 17.545589145487654 1172.1680422491054 -0.5078033321034452
A219BS010385 17.108162603835687 1172.410236428326 -0.5078178262443268
A219BS010385 16.670891949202097 1172.6527116110524 -0.5074173788897477
A219BS010385 16.23280528507955 1172.8937081420063 -0.5065532109969102
A219BS010385 15.794246194395782 1173.1338446880932 -0.5059505402060761
A219BS010385 15.355451576625663 1173.3735508847217 -0.505478614525601
A219BS010385 14.920339517760429 1173.6198787957348 -0.5052409467565747
A219BS010385 14.487106440911631 1173.86949667691 -0.5051204407368706
A219BS010385 14.055199909233073 1174.121402678156 -0.5047821662732852
A219BS010385 13.624794390936326 1174.3758642578916 -0.5041542664555243
A219BS010385 13.197477746627644 1174.6354773634857 -0.5029210184870762
A219BS010385 12.772467842770661 1174.8988465271389 -0.5011140154090281
A219BS010385 12.354004888753797 1175.1724956150506 -0.4988930245010317
A219BS010385 11.938908904063895 1175.4512238532045 -0.4964655258000508
A219BS010385 11.531857910034313 1175.7415780530775 -0.4944838912188564
A219BS010385 11.132115911024743 1176.0419155704458 -0.4925577840160619
A219BS010385 10.741757777921546 1176.3543502049843 -0.4902934825866756
A219BS010385 10.364314653357903 1176.6822671351608 -0.4876149338783933
A219BS010385 9.99953879054496 1177.024211088492 -0.48402290250916574
A219BS010385 9.64547180273389 1177.3772340746386 -0.4806555007613072
A219BS010385 9.29686983479739 1177.7356557230944 -0.4774012928546755
A219BS010385 8.956883117754536 1178.1022563921376 -0.47379828140755087
A219BS010385 8.629573881346824 1178.4802299487583 -0.47164090851389145
A219BS010385 8.317288647997895 1178.8707121953416 -0.47039666758329296
A219BS010385 8.021138078619478 1179.2735693694774 -0.4694284195635022
A219BS010385 7.737203543520439 1179.6851286960257 -0.469111387690071
A219BS010385 7.47491497386237 1180.1108101461741 -0.46901533386678124
A219BS010385 7.226009207322018 1180.5444527626964 -0.46899255874864293
A219BS010385 6.9950681884551456 1180.9879226045516 -0.4698557909113818
A219BS010385 6.782507684683698 1181.4404896256392 -0.47091581935894783
A219BS010385 6.5939066967709214 1181.9035534292282 -0.472173262834501
A219BS010385 6.417372402472798 1182.371350190203 -0.4735272783662907
A219BS010385 6.267070059216442 1182.848219042311 -0.47583021147039184
A219BS010385 6.141546734706222 1183.332200959064 -0.4781538422659717
A219BS010385 6.043217423190401 1183.8224323055806 -0.4802923907156207
A219BS010385 5.972443558408396 1184.3173906970749 -0.4829851129679376
A219BS010385 5.915327948510037 1184.8141089569308 -0.48594778601933497
A219BS010385 5.87808904216249 1185.3127179476649 -0.48747690771597996
A219BS010385 5.854017031695028 1185.812135810142 -0.4890056165485405
A219BS010385 5.849077787332258 1186.3121086624856 -0.4906641654762454
A219BS010385 5.865269513887348 1186.8118463246974 -0.4909755465458802
A219BS010385 5.9024145428516475 1187.3104644009998 -0.49148624007495667
A219BS010385 5.954048210454187 1187.8077875426793 -0.4933985998637791
A219BS010385 6.036891518972287 1188.3008752731287 -0.49461363649288564
A219BS010385 6.133943169068477 1188.7913649282225 -0.4955492964319309
A219BS010385 6.254206844046342 1189.276682105076 -0.4975206745992899
A219BS010385 6.385705928653973 1189.7590739195427 -0.49999617107989747
A219BS010385 6.526398646724994 1190.2388684752923 -0.5016524787060319
A219BS010385 6.680382048608152 1190.7145645744806 -0.5031799477222859
A219BS010385 6.845749600097356 1191.1864244630115 -0.5045284692050561
A219BS010385 7.016624975255973 1191.6563180847425 -0.5057895881613432
A219BS010385 7.204395511747959 1192.1197209266334 -0.5059677818343933
A219BS010385 7.397260455340201 1192.5810265705309 -0.5064330145382502
A219BS010385 7.604895991027981 1193.0358753396947 -0.5067185138226811
A219BS010385 7.817799425353953 1193.4882823548494 -0.5068609603724642
A219BS010385 8.035508580833554 1193.9383960283099 -0.5074970297553115
A219BS010385 8.259615640220776 1194.385359141673 -0.5074620230072318
A219BS010385 8.486814882660628 1194.8307582591535 -0.5071009381419589
A219BS010385 8.715512373933764 1195.27538977807 -0.5065814466606722
A219BS010385 8.942815547203391 1195.7207354384448 -0.5058671590425513
A219BS010385 9.175794384031581 1196.1631387685225 -0.5054732982214181
A219BS010385 9.411516839120734 1196.6040864609352 -0.5052351331988404
A219BS010385 9.64962044934164 1197.0437529898527 -0.5051161819676063
A219BS010385 9.889494656758076 1197.4824559346036 -0.5048147136372043
A219BS010385 10.130227478727772 1197.9206882431256 -0.5044245929797739
A219BS010385 10.371661787214487 1198.3585346342795 -0.5045361236748804
A219BS010385 10.612853279012283 1198.7965148213768 -0.5046775258132694
A219BS010385 10.853926802799498 1199.2345599467012 -0.5048334370958921
A219BS010385 11.094476692177514 1199.6728928612974 -0.5049153014400478
A219BS010385 11.335494089514887 1200.1109688520808 -0.5047141051325909
A219BS010385 11.57673843794142 1200.5489198192508 -0.5043754207200284
A219BS010385 11.818417846597411 1200.9866309622976 -0.5045121113542789
A219BS010385 12.059727533944606 1201.4245460353136 -0.5046657921828361
A219BS010385 12.300857578486777 1201.8625600480993 -0.5048277254296141
A219BS010385 12.541434872882231 1202.3008778674823 -0.5045939890355539
A219BS010385 12.782465548680706 1202.7389465512354 -0.5043899326746079
A219BS010385 13.023716346676899 1203.1768940555128 -0.5042002925252997
A219BS010385 13.265642951370788 1203.6144686299547 -0.5041015840897498
A219BS010385 13.507941143481624 1204.0518375629988 -0.5040515084956813
A219BS010385 13.750297544981976 1204.4891742182617 -0.5038946162571704
A219BS010385 13.992682214222269 1204.9264951856649 -0.5036858413795761
A219BS010385 14.23508061227171 1205.3638085308519 -0.503451866233271
A219BS010385 14.477544716168342 1205.801085349119 -0.5030743376339342
A219BS010385 14.720040725311552 1206.2383444090738 -0.5026270827209253
A219BS010385 14.96269519427234 1206.6755156961976 -0.5023543047920254
A219BS010385 15.204774675838417 1207.1130022209709 -0.5041050893404461
A219BS010385 15.446573292546587 1207.5506390065045 -0.5068387509388341
A219BS010385 15.688235116857165 1207.9883481014554 -0.5100498049981204
A219BS010385 15.929024140646431 1208.4264840158635 -0.5176370659192584
A219BS010385 16.169382231858062 1208.864814543211 -0.5273497784347451
A219BS010385 16.409258368210715 1209.303366950563 -0.5388051358802165
A219BS010385 16.648905787800373 1209.7420221201542 -0.5510834287150775
A219BS010385 16.861958481487818 1210.1319978004321 -0.5619991455078122
A219BS010682 16.861958481487818 1210.1319978004321 -0.5619991455078122
A219BS010682 17.12750499924257 1210.555635573712 -0.5579886643840558
A219BS010682 17.393051516997314 1210.9792733469917 -0.5539781832602996
A219BS010682 17.658598034752053 1211.4029111202715 -0.5499677021365434
A219BS010682 17.92414455250679 1211.8265488935513 -0.5459572210127873
A219BS010682 18.189639232495765 1212.2502184649795 -0.5418744347827059
A219BS010682 18.45510799004648 1212.6739039298095 -0.5377554960533211
A219BS010682 18.720563785489578 1213.0975973399222 -0.5336184810882942
A219BS010682 18.986013099656894 1213.5212947223215 -0.529472428009097
A219BS010682 19.25145917313084 1213.9449940907755 -0.5253218558737867
A219BS010682 19.51690362624427 1214.3686944522344 -0.5211690242106899
A219BS010682 19.782495975837907 1214.7923026203628 -0.5170673498767021
A219BS010682 20.048162260533154 1215.2158646708606 -0.5129912544117409
A219BS010682 20.31386550948999 1215.639403657305 -0.5089279484308354
A219BS010682 20.61969279795392 1216.0349609378268 -0.5069012622412523
A219BS010682 20.944595140408207 1216.4150102478372 -0.5059063611364017
A219BS010682 21.278709582254898 1216.786987813716 -0.505426535828071
A219BS010682 21.617329277236223 1217.154869115439 -0.5052028992371581
A219BS010682 22.01110746923919 1217.4629894781065 -0.5059629074580257
A219BS010682 22.42878816177279 1217.7378372155365 -0.5072120328493139
A219BS010682 22.857202315943002 1217.995633844856 -0.5086987803467979
A219BS010682 23.319676776811747 1218.1856794107641 -0.5084623002705023
A219BS010682 23.79507407458281 1218.3405865682116 -0.5073751740074562
A219BS010682 24.275768382977652 1218.4781756011146 -0.5058785439079189
A219BS010682 24.758787815604354 1218.6073629116597 -0.5041854700558878
A219BS010682 25.25253085930015 1218.686215371718 -0.5038750754923048
A219BS010682 25.749583173011953 1218.7404267011618 -0.5042345107047292
A219BS010682 26.247784581074175 1218.782792900526 -0.5049143314590172
A219BS010682 26.746435203661527 1218.819492534911 -0.5057470554502469
A219BS010682 27.24508877039541 1218.7828251808867 -0.5061013610201449
A219BS010682 27.739901747441305 1218.7109913222484 -0.5062217774237114
A219BS010682 28.232032606789996 1218.6226328637565 -0.5062312460661844
A219BS010682 28.722708211085155 1218.526521212455 -0.5061884247898469
A219BS010682 29.21265642211801 1218.4267677866578 -0.5061209900930929
A219BS010682 29.688454736823232 1218.2731236394316 -0.5091934071883327
A219BS010682 30.155480103318272 1218.0946113625166 -0.513740278728598
A219BS010682 30.617948171166624 1217.9046221511178 -0.5189734204859192
A219BS010682 31.078190100562445 1217.7093107733244 -0.524526089252427
A219BS010682 31.53737151738853 1217.5115232154637 -0.5302277028077265
A219BS010682 31.996053225485337 1217.3125815528856 -0.5359987987182002
A219BS010682 32.452561398314636 1217.1087112286325 -0.5420962595853709
A219BS010682 32.90803655348038 1216.9025478817707 -0.5483458545680613
A219BS010682 33.363073019583474 1216.6954200168727 -0.5546594984640179
A219BS010682 33.67595850449288 1216.5529977995902 -0.5590007934570309
A219BS010383 33.67595850449288 1216.5529977995902 -0.5590007934570309
A219BS010383 34.114030689876564 1216.3131541890227 -0.5351721790799469
A219BS010383 34.5518929000697 1216.0720967235352 -0.5222113450999769
A219BS010383 34.98957153477265 1215.8304755306137 -0.5146872600562579
A219BS010383 35.42713878871845 1215.588583411863 -0.5098808933746798
A219BS010383 35.86499319111899 1215.3471790014648 -0.5071545517278726
A219BS010383 36.30298804559556 1215.1060200040283 -0.505467718170635
A219BS010383 36.74105232757331 1214.8649840686264 -0.504300370660207
A219BS010383 37.177940022858415 1214.621819330792 -0.5040723742750782
A219BS010383 37.61423527262728 1214.3775932127478 -0.5043138161947781
A219BS010383 38.05091514790104 1214.1340554263722 -0.504495855324338
A219BS010383 38.487786822334265 1213.8908618473733 -0.5046482090009119
A219BS010383 38.9247542418407 1213.6478403352012 -0.504785728003284
A219BS010383 39.36122759308167 1213.4039329328791 -0.5052247598712266
A219BS010383 39.79745331168042 1213.1595832353548 -0.5058144655900724
A219BS010383 40.23348271236838 1212.9148831477903 -0.5062928813131151
A219BS010383 40.670008842751365 1212.6710699835805 -0.5065729720810612
A219BS010383 41.10678250045069 1212.4277004308722 -0.5067539540794386
A219BS010383 41.543824831848504 1212.184813984268 -0.5071718324172124
A219BS010383 41.98156781600246 1211.9431923697402 -0.507446089640171
A219BS010383 42.41965954959126 1211.7022035899995 -0.5076485747158953
A219BS010383 42.857925214870676 1211.4615312424492 -0.5078151934798353
A219BS010383 43.29575616675171 1211.2200689262568 -0.5079014136936648
A219BS010383 43.73336934492673 1210.9782121418418 -0.5079474568664618
A219BS010383 44.17087356287304 1210.7361583077368 -0.5079734227321322
A219BS010383 44.60831988879862 1210.4939998642337 -0.5079866292554062
A219BS010383 45.045751208018615 1210.25181431363 -0.5079932782481826
A219BS010383 45.48317502742971 1210.0096152174292 -0.5079966503116456
A219BS010383 45.920595098871885 1209.7674093523133 -0.5079983848279156
A219BS010383 46.358022043802 1209.5252161063763 -0.5076829936506402
A219BS010383 46.795452357479164 1209.2830292030803 -0.5072091284224677
A219BS010383 47.23288433808651 1209.0408454784642 -0.5066560705668997
A219BS010383 47.67015536096371 1208.7983708047207 -0.5063642746537458
A219BS010383 48.10734583282635 1208.5557508028353 -0.506203036666262
A219BS010383 48.5444960224931 1208.3130581938437 -0.5061070410657906
A219BS010383 48.98307426131775 1208.072958120473 -0.5050662736552683
A219BS010383 49.42167101433772 1207.832891922848 -0.5040131838315397
A219BS010383 49.426958528289106 1207.8299977988936 -0.5040004882812497
A219BS010647 49.426958528289106 1207.8299977988936 -0.5040004882812497
A219BS010647 49.863784855991334 1207.5867232444955 -0.5045010964911625
A219BS010647 50.300611183693555 1207.3434486900974 -0.5050017047010753
A219BS010647 50.73743751139577 1207.1001741356993 -0.5055023129109882
A219BS010647 51.17426383909798 1206.8568995813011 -0.5060029211209011
A219BS010647 51.61109016674989 1206.6136250265317 -0.5065033928275409
A219BS010647 52.04791649437665 1206.3703504715768 -0.5070037962825442
A219BS010647 52.484742821990835 1206.127075916529 -0.5075041656117293
A219BS010647 52.92156914959873 1205.883801361435 -0.5080045178780053
A219BS010647 53.35839547720348 1205.6405268063177 -0.5085048616128266
A219BS010647 53.79522180480665 1205.3972522511888 -0.5090052010819207
A219BS010647 54.232031168535805 1205.1539472384145 -0.5095057183001411
A219BS010647 54.668832049531545 1204.9106269972613 -0.5100063243920123
A219BS010647 55.10562868896147 1204.6672991420294 -0.5105069749204808
A219BS010647 55.5424232075587 1204.423967479786 -0.5110076476671906
A219BS010647 55.979216665727144 1204.1806339140435 -0.511508331523007
A219BS010647 56.416009593678105 1203.9372993965533 -0.512009020933373
A219BS010647 56.85281684246925 1203.6939905871193 -0.5125096758296566
A219BS010647 57.28963125111305 1203.4506946320294 -0.5130103134682487
A219BS010647 57.7264492395413 1203.2074051041905 -0.5135109424778325
A219BS010647 58.16326901782631 1202.9641187899967 -0.5140115671728716
A219BS010647 58.600089691030824 1202.7208340826305 -0.5145121897106281
A219BS010647 59.0369108116929 1202.4775501786794 -0.5150128111697407
A219BS010647 59.47373420394616 1202.2342703534487 -0.5155134268528033
A219BS010647 59.91055873198072 1201.990992567586 -0.5160140396478246
A219BS010647 60.347383827902355 1201.7477158014094 -0.516514650998821
A219BS010647 60.784209207766665 1201.5044395450764 -0.517015261627804
A219BS010647 61.22103472960207 1201.2611635436651 -0.5175158718957801
A219BS010647 61.65786032242298 1201.017887669715 -0.5180164819832526
A219BS010647 62.0946862365738 1200.7746123727434 -0.5185170912493785
A219BS010647 62.53151231138931 1200.5313373642612 -0.5190177001048308
A219BS010647 62.96833846653707 1200.2880625000237 -0.5195183087549463
A219BS010647 63.40516466185094 1200.0447877079084 -0.5200189173023932
A219BS010647 63.84199087724788 1199.8015129518544 -0.520519525798506
A219BS010647 64.27881710268636 1199.5582382138311 -0.5210201342689517
A219BS010647 64.71562633850881 1199.3149329717412 -0.5215208055612793
A219BS010647 65.15242707872447 1199.071612478063 -0.5220215082636325
A219BS010647 65.58922357093708 1198.8282843587017 -0.5225222266707693
A219BS010647 66.02601793909825 1198.584952426527 -0.5230229529302407
A219BS010647 66.46281124522123 1198.3416185879526 -0.5235236831158651
A219BS010647 66.89960402032199 1198.0982837961799 -0.5240244152645622
A219BS010647 67.33641124277406 1197.854974939509 -0.5245250940511271
A219BS010647 67.7732256883243 1197.6116790507108 -0.5250257461559642
A219BS010647 68.21004374527922 1197.3683896459293 -0.5255263849197721
A219BS010647 68.64686360790036 1197.1251034831762 -0.526027017013024
A219BS010647 69.08368437334555 1196.8818189414421 -0.5265276457709877
A219BS010647 69.52050559020054 1196.638535210219 -0.5270282728613046
A219BS010647 69.95732904587777 1196.3952554988764 -0.5275288916806272
A219BS010647 70.39415362095222 1196.1519777974815 -0.5280295063644367
A219BS010647 70.83097875572183 1195.9087011010627 -0.5285301189804857
A219BS010647 71.26780417033812 1195.665424907132 -0.5290307305626536
A219BS010647 71.70462972487756 1195.4221489644458 -0.5295313416278806
A219BS010647 72.14145534937855 1195.1788731473819 -0.5300319524346372
A219BS010647 72.5782812827675 1194.9355978846718 -0.5305324244615057
A219BS010647 73.0151073706002 1194.692322899139 -0.5310328270984309
A219BS010647 73.45193353565466 1194.449048052195 -0.5315331950403845
A219BS010647 73.88875973931998 1194.205773274545 -0.5320335456348526
A219BS010647 74.32558596229075 1193.9624985315422 -0.5325338875555781
A219BS010647 74.76241219491425 1193.719223805863 -0.5330342251394322
A219BS010647 75.19919065102653 1193.4758633123693 -0.5335347075763082
A219BS010647 75.63594521256793 1193.2324599384863 -0.5340352624324599
A219BS010647 76.07268782524551 1192.9890351252889 -0.5345358534964394
A219BS010647 76.50942446309674 1192.7455995926548 -0.5350364626638798
A219BS010647 76.9461581134362 1192.5021587003573 -0.5355370808829372
A219BS010647 77.3828902699952 1192.258715128242 -0.5360377036277747
A219BS010647 77.81966314715666 1192.0153446223073 -0.5365383203841219
A219BS010647 78.2564563800349 1191.7720106520162 -0.5370389341409698
A219BS010647 78.69325978962502 1191.5286949501847 -0.5375395463967547
A219BS010647 79.13006828728425 1191.2853883827418 -0.5380401579016797
A219BS010647 79.5668793289063 1191.042086382533 -0.5385407690310927
A219BS010647 80.00369164249177 1190.7987866659512 -0.5390413799727292
A219BS010647 80.4405471846958 1190.555564692418 -0.5395953080495801
A219BS010647 80.87742433416065 1190.3123815943322 -0.5401758946843358
A219BS010647 81.31430765368312 1190.0692095993502 -0.5407640948621257
A219BS010647 81.48895857710158 1189.9719978002831 -0.5409992370605465
A219BS010392 81.48895857710158 1189.9719978002831 -0.5409992370605465
A219BS010392 81.92657360569345 1189.7307017359649 -0.5245889934593627
A219BS010392 82.36418863428531 1189.4894056716466 -0.5081787498581791
A219BS010392 82.80269703201148 1189.2493307601137 -0.49955193259217223
A219BS010392 83.24161082228133 1189.0098891659873 -0.49481825398996193
A219BS010392 83.68071694165081 1188.7707698492475 -0.49203108802353257
A219BS010392 84.11876317793026 1188.5297036883499 -0.49041834147000457
A219BS010392 84.55627541781655 1188.2876665257586 -0.48939273215268975
A219BS010392 84.993958196651 1188.0459363831878 -0.48882415099248083
A219BS010392 85.43172601155695 1187.8043598434347 -0.48848404307166354
A219BS010392 85.86953628228726 1187.5628601212488 -0.4882581511083318
A219BS010392 86.30730098740513 1187.3212777785234 -0.48844425943694264
A219BS010392 86.74504279656585 1187.0796541977352 -0.4888363305321053
A219BS010392 87.18277313052276 1186.8380100178433 -0.48933136425163504
A219BS010392 87.62063153561883 1186.596597841153 -0.48975330309067167
A219BS010392 88.05855391501223 1186.3553016723172 -0.49013870109100033
A219BS010392 88.49650826332254 1186.1140635036727 -0.4905058319904859
A219BS010392 88.93435357900132 1185.8726277364692 -0.491005684959499
A219BS010392 89.37214434328521 1185.631093212802 -0.49157188682399505
A219BS010392 89.80990782560039 1185.3895093261153 -0.49217125707003495
A219BS010392 90.24758955610746 1185.14777694286 -0.49256832890191415
A219BS010392 90.68511045591478 1184.9057538164873 -0.49308653020213566
A219BS010392 91.12255087297308 1184.6635853904556 -0.4936652850964757
A219BS010392 91.55995103550951 1184.4213443392273 -0.4942743112256648
A219BS010392 91.99722059584104 1184.1788676898848 -0.49491159537266566
A219BS010392 92.43442481889977 1183.9362732896939 -0.49556300587583496
A219BS010392 92.87159636728241 1183.6936200315272 -0.4962214782461008
A219BS010392 93.30889586436409 1183.4511979037734 -0.49703500601110556
A219BS010392 93.74625926255689 1183.2088913541986 -0.49792604717683947
A219BS010392 94.18346643786101 1182.966302853244 -0.498765729970674
A219BS010392 94.62059544617269 1182.7235734411756 -0.4995797381471099
A219BS010392 95.0581530874584 1182.4817487933224 -0.507589122836087
A219BS010392 95.49589039831933 1182.2403956462938 -0.5191953754444169
A219BS010392 95.9336805781841 1181.999196828497 -0.5319581614784175
A219BS010392 96.14095859840745 1181.884997799527 -0.5380008850097653
A219BS010661 96.14095859840745 1181.884997799527 -0.5380008850097653
A219BS010661 96.58375670419207 1181.6527703506417 -0.5385003826046146
A219BS010661 97.02655480997669 1181.4205429017566 -0.538999880199464
A219BS010661 97.4693529157613 1181.1883154528714 -0.5394993777943133
A219BS010661 97.91215102154592 1180.9560880039862 -0.5399988753891627
A219BS010661 98.35494912733054 1180.723860555101 -0.540498372984012
A219BS010661 98.79774723311516 1180.4916331062159 -0.5409978705788614
A219BS010661 99.24054516663787 1180.2594057482856 -0.5416644264691898
A219BS010661 99.68334310016057 1180.0271783903554 -0.5423309823595182
A219BS010661 100.12614103368327 1179.7949510324252 -0.5429975382498466
A219BS010661 100.56893896720597 1179.562723674495 -0.543664094140175
A219BS010661 101.01173690072866 1179.3304963165647 -0.5443306500305034
A219BS010661 101.45450495516906 1179.0982115349898 -0.5448104580702465
A219BS010661 101.89725804412174 1178.8658980552011 -0.5451968921474624
A219BS010661 102.34000364384491 1178.6335702297094 -0.5455366392402614
A219BS010661 102.79908001576625 1178.4354671140518 -0.5475466915357539
A219BS010661 103.26535468553811 1178.2549682365043 -0.5503905503948456
A219BS010661 103.73496854911652 1178.0833517978083 -0.5536489402268787
A219BS010661 104.20618308465085 1177.9161846400098 -0.557113453859203
A219BS010661 104.67817921021592 1177.7512393962734 -0.5606805283297636
A219BS010661 105.16220993647491 1177.625897515041 -0.5587651050526832
A219BS010661 105.65099481716653 1177.5206944234067 -0.5541121578311937
A219BS010661 106.14182514888009 1177.4255657524611 -0.54810204684023
A219BS010661 106.63359176481292 1177.3354494848293 -0.5414196997916809
A219BS010661 107.12580331846827 1177.2478220310406 -0.5344043031017842
A219BS010661 107.62540101115503 1177.2279242690477 -0.5319094023576622
A219BS010661 108.1251990943884 1177.2421310173397 -0.5316989285576018
A219BS010661 108.62423770173196 1177.2731089340857 -0.5326138354870422
A219BS010661 109.12269751118455 1177.3122965392167 -0.5340801112371023
A219BS010661 109.60756885961788 1177.4343488571096 -0.5358142292925394
A219BS010661 110.0805830010865 1177.5963803421614 -0.5376635055426687
A219BS010661 110.54666901613648 1177.7773781732587 -0.5395639562611548
A219BS010661 110.98894287656996 1178.0105987760326 -0.5409720823436255
A219BS010661 111.41759571178206 1178.2680000076837 -0.5421351855968253
A219BS010661 111.83926872354935 1178.5366834269746 -0.5431798603208895
A219BS010661 112.25750927691028 1178.810679528187 -0.5441678100797094
A219BS010661 112.65745178253951 1179.110753086205 -0.545528680875658
A219BS010661 113.04808468636975 1179.4228485397455 -0.5470656664118491
A219BS010661 113.43416243630742 1179.7405612177422 -0.5486859266370799
A219BS010661 113.81804695214345 1180.0609202722949 -0.5503456457255923
A219BS010661 114.16026764780737 1180.4254511200133 -0.5518478178097712
A219BS010661 114.48074220520097 1180.8092401830588 -0.5532666729945263
A219BS010661 114.79056564103448 1181.2016781274685 -0.5546444958696706
A219BS010661 115.0952913614203 1181.5980875002144 -0.5560026322736731
A219BS010661 115.3837098048454 1182.0065108471524 -0.5537286119879898
A219BS010661 115.66427756223189 1182.4203536488428 -0.5497450201327917
A219BS010661 115.94111663526188 1182.8366915060253 -0.5449579207458097
A219BS010661 116.21619473615223 1183.2541904449538 -0.5397931938191407
A219BS010661 116.49044324244028 1183.6722325690057 -0.5344509735912207
A219BS010661 116.76430137082974 1184.0905294585589 -0.5290253210823933
A219BS010661 117.03682379521142 1184.5096938489085 -0.5233032522210072
A219BS010661 117.30871731460029 1184.929264532079 -0.5174418583599394
A219BS010661 117.5803149697324 1185.3490258758877 -0.5115149729473498
A219BS010661 117.8518127839271 1185.7688514903343 -0.5055659947075543
A219BS010661 117.96895863011014 1185.9499977990054 -0.5029991302490231
A219BS010393 117.96895863011014 1185.9499977990054 -0.5029991302490231
A219BS010393 118.21212508171587 1186.38688459992 -0.5029991302490231
A219BS010393 118.45551464839353 1186.8236471427651 -0.5029991302490231
A219BS010393 118.69901574881443 1187.2603475138365 -0.5029991302490231
A219BS010393 118.94279040332466 1187.6968952406871 -0.5029991302490231
A219BS010393 119.18639727789302 1188.1335365977347 -0.5028727238632331
A219BS010393 119.42992024318099 1188.570224735226 -0.5026831143089296
A219BS010393 119.67340124901645 1189.006936254267 -0.5024619031877837
A219BS010393 119.91708846372765 1189.4435327745 -0.5023208117930712
A219BS010393 120.16087876011781 1189.8800717546364 -0.5022197802610016
A219BS010393 120.40472059163403 1190.316581954565 -0.5021387786509182
A219BS010393 120.64824597234696 1190.7532687836074 -0.5020909292518713
A219BS010393 120.89161307933246 1191.1900438404266 -0.5020596559623738
A219BS010393 121.13490103743436 1191.626862989405 -0.5020366707222136
A219BS010393 121.37847408488682 1192.063523182373 -0.5018211899846746
A219BS010393 121.62218962445726 1192.5001038033324 -0.5015094616074217
A219BS010393 121.86560611837537 1192.9368510998331 -0.501051763049044
A219BS010393 122.10886909126366 1193.373684025259 -0.5007035025500735
A219BS010393 122.35205528810927 1193.8105597369863 -0.5004099610190568
A219BS010393 122.59560769016733 1194.2472312885282 -0.4999815619657605
A219BS010393 122.8393362102592 1194.6838044563951 -0.49945469156622907
A219BS010393 123.08315277076717 1195.120328399523 -0.4988785856325759
A219BS010393 123.32641704605024 1195.5571599810526 -0.49806510580718955
A219BS010393 123.56940501263692 1195.9941450828128 -0.4971329397260224
A219BS010393 123.81160255876924 1196.4315689918133 -0.49631288962382686
A219BS010393 124.05452573594961 1196.8685904647305 -0.49556309101243873
A219BS010393 124.29781147477065 1197.3054102657125 -0.4948484188092979
A219BS010393 124.54138760602623 1197.7420676780991 -0.4938622696070614
A219BS010393 124.78430318780963 1198.179092962357 -0.49290255805194305
A219BS010393 125.02688828820285 1198.6163018062978 -0.4919560660684776
A219BS010393 125.26913898910622 1199.0536957503655 -0.49089041854048726
A219BS010393 125.51210896298964 1199.4906907381742 -0.4899043043753508
A219BS010393 125.75543832190525 1199.9274858016965 -0.4889579576148526
A219BS010393 125.99896445602553 1200.3641713794748 -0.48810463419488775
A219BS010393 126.24315241925584 1200.8004879785499 -0.48785168176562727
A219BS010393 126.4876709519322 1201.2366194781541 -0.48789891266204055
A219BS010393 126.7309199616036 1201.6734600925113 -0.48745513119814277
A219BS010393 126.97353335484189 1202.1106537181608 -0.486765846888124
A219BS010393 127.2158287307439 1202.5480234603913 -0.4859538137673449
A219BS010393 127.45533469225595 1202.9869274219764 -0.4854989456087855
A219BS010393 127.68780222197192 1203.429599469315 -0.4849456529745988
A219BS010393 127.9181705728651 1203.8733677576083 -0.48458619218412063
A219BS010393 128.14748754459086 1204.3176803250003 -0.4843236355125543
A219BS010393 128.3696607181572 1204.765607839267 -0.4841722741438936
A219BS010393 128.591577308646 1205.2136619904377 -0.48488254481749127
A219BS010393 128.80461179094326 1205.6660070998619 -0.48534225391694386
A219BS010393 129.00942543820844 1206.1221335009243 -0.48561820293057006
A219BS010393 129.2101047522831 1206.5800939566664 -0.4858022657130693
A219BS010393 129.40139111781892 1207.042055874503 -0.48664655766201753
A219BS010393 129.58795310479647 1207.5059451354737 -0.48782068330963585
A219BS010393 129.75809670230853 1207.9761055434137 -0.48840977691327325
A219BS010393 129.92131440580332 1208.448714989648 -0.48895069840131533
A219BS010393 130.0810610179883 1208.922508987906 -0.4894675252022147
A219BS010393 130.2192007165191 1209.4030474596298 -0.4890193252559292
A219BS010393 130.34543144656243 1209.8868507840514 -0.48863713247945817
A219BS010393 130.45400739895476 1210.3749188032743 -0.4877037655003915
A219BS010393 130.55372210458242 1210.8648734119024 -0.4864958889282337
A219BS010393 130.6337115825194 1211.3584303891378 -0.48470881266806953
A219BS010393 130.70222187372067 1211.853707787793 -0.48213230709169175
A219BS010393 130.75771018882747 1212.3506159477104 -0.4803081650618054
A219BS010393 130.80670267973215 1212.848207784135 -0.478858972714882
A219BS010393 130.8403406313407 1213.3470723342318 -0.47723143829470743
A219BS010393 130.8576035260936 1213.8467737986614 -0.47656893411370355
A219BS010393 130.8640124409279 1214.3467327222552 -0.47654592373495525
A219BS010393 130.86122824014484 1214.8467247514282 -0.47701388691327684
A219BS010393 130.8407667689836 1215.3463047265955 -0.4780986033860473
A219BS010393 130.8051043713987 1215.8450310517549 -0.4785945786272817
A219BS010393 130.75104793780554 1216.3421003134026 -0.47882065860573053
A219BS010393 130.68788666748154 1216.8380949156644 -0.47891262687116676
A219BS010393 130.5926597762873 1217.3289429952079 -0.4789573698229156
A219BS010393 130.4918703701869 1217.8186791436917 -0.4789794153281926
A219BS010393 130.37091973800048 1218.303828964263 -0.4782072926040963
A219BS010393 130.2311892050802 1218.783906570209 -0.4772743194337574
A219BS010393 130.08224844990892 1219.2612069235417 -0.4762623128240098
A219BS010393 129.91436250286344 1219.7321758344249 -0.4746517954498091
A219BS010393 129.73039705524673 1220.1971009308766 -0.47348184986886066
A219BS010393 129.5263620718694 1220.6535733262574 -0.47184544722835314
A219BS010393 129.3016201823382 1221.1002171803702 -0.471253270616644
A219BS010393 129.06213650542853 1221.53913327106 -0.4707697136468676
A219BS010393 128.81198656259434 1221.972059244605 -0.47044179551173276
A219BS010393 128.54755052191604 1222.396409854543 -0.4708162758376069
A219BS010393 128.26932850726075 1222.811852204198 -0.4712220766017238
A219BS010393 127.97401749364114 1223.2153259840172 -0.4717826418471484
A219BS010393 127.67142620664974 1223.613369094738 -0.47222428052563975
A219BS010393 127.36529895141516 1224.0086992817203 -0.4726075075927178
A219BS010393 127.04260625035454 1224.3906277844753 -0.47280616673480297
A219BS010393 126.71332679490448 1224.766892052908 -0.47329659446247785
A219BS010393 126.37060591387879 1225.1309550795015 -0.47401100081308767
A219BS010393 126.02210005822741 1225.4894846431946 -0.47448061213395704
A219BS010393 125.66316746579419 1225.8375727724372 -0.4759118247336303
A219BS010393 125.29389703908754 1226.1746756682203 -0.47690661846169663
A219BS010393 124.91464829165669 1226.5005107025752 -0.47829152245397155
A219BS010393 124.52382408212154 1226.8123676514963 -0.47958792161028135
A219BS010393 124.1252241484832 1227.1142208959675 -0.4812346473845526
A219BS010393 123.72224039649196 1227.410200130721 -0.48185772505640795
A219BS010393 123.31714711551183 1227.7032861566406 -0.4819806698367886
A219BS010393 122.9065778953285 1227.988650686905 -0.48199813502666916
A219BS010393 122.48939108225706 1228.2642490053786 -0.4811438201951475
A219BS010393 122.06711561743626 1228.5319861147393 -0.48062220579420634
A219BS010393 121.63954520703975 1228.7911817164486 -0.4795339926123029
A219BS010393 121.2094527095711 1229.0461691304413 -0.47816932176572496
A219BS010393 120.77829089053752 1229.299344390776 -0.4768376453283745
A219BS010393 120.34661004368473 1229.5516337400215 -0.4755220778519263
A219BS010393 119.91180384828118 1229.7984977942847 -0.4742139679563045
A219BS010393 119.47549721196272 1230.0427002055246 -0.4729095718955758
A219BS010393 119.03846437165267 1230.285600596244 -0.47160700562881397
A219BS010393 118.60176317119065 1230.5290981359115 -0.4706021718391716
A219BS010393 118.16522413454427 1230.772886836699 -0.4697426067447215
A219BS010393 117.728764303526 1231.0168175520287 -0.46895392031608574
A219BS010393 117.29234161042763 1231.2608149735802 -0.4682530459092805
A219BS010393 116.85593704597598 1231.5048449371554 -0.46759501612690535
A219BS010393 116.4195413287653 1231.7488907772583 -0.4669578907877941
A219BS010393 115.98211376330246 1231.991082239792 -0.4663094703173106
A219BS010393 115.544185600875 1232.2323673345077 -0.4656555429893279
A219BS010393 115.10601387407716 1232.473209828047 -0.46499892983053454
A219BS010393 114.66866466779727 1232.7155427505654 -0.4643459137624714
A219BS010393 114.23171861804586 1232.9586018492828 -0.46369465550011346
A219BS010393 113.79496970806233 1233.2020150095846 -0.4630442555323693
A219BS010393 113.35829141224968 1233.445555147001 -0.4625271159156982
A219BS010393 112.92164759397924 1233.6891572232491 -0.4620749945165139
A219BS010393 112.48502060328474 1233.9327895163917 -0.4616545957329395
A219BS010393 112.0483313621625 1234.1763104100423 -0.4613699139189746
A219BS010393 111.61185192002296 1234.4202071308348 -0.4610763560132565
A219BS010393 111.17547495700933 1234.664287153396 -0.4607784675097676
A219BS010393 110.73914802184453 1234.9084565938442 -0.4604784661127781
A219BS010393 110.30225208243257 1235.1516065497478 -0.46028593191441336
A219BS010393 109.86507939517293 1235.3942586090552 -0.46014583185108415
A219BS010393 109.42754221944026 1235.6362527458145 -0.46038588600579217
A219BS010393 108.9905120456987 1235.879161401766 -0.46027587090333943
A219BS010393 108.55373001086974 1236.1225158247664 -0.4599950564489428
A219BS010393 108.11706922655286 1236.3660876351971 -0.4596309091248861
A219BS010393 107.67986899931762 1236.6086901110016 -0.4596246673415939
A219BS010393 107.24240643992188 1236.8508191690985 -0.4597930479654542
A219BS010393 106.804716146527 1237.0925363545173 -0.45988969717260575
A219BS010393 106.36661721753582 1237.333512132003 -0.4599452121003468
A219BS010393 105.92847878252667 1237.5744160736733 -0.4599967435151637
A219BS010393 105.90195860998938 1237.5889977985062 -0.4599998626708981
A219BS010638 105.90195860998938 1237.5889977985062 -0.4599998626708981
A219BS010638 105.48181136164443 1237.8600444176423 -0.4631652951957156
A219BS010638 105.06166411329949 1238.1310910367783 -0.46633072772053313
A219BS010638 104.64151686495453 1238.4021376559144 -0.4694961602453507
A219BS010638 104.22136961660956 1238.6731842750505 -0.4726615927701683
A219BS010638 103.8012223682646 1238.9442308941866 -0.4758270252949859
A219BS010638 103.38107511991964 1239.2152775133227 -0.4789924578198035
A219BS010638 102.96100286328002 1239.486442242383 -0.48199060981229636
A219BS010638 102.54093060664039 1239.7576069714432 -0.4849887618047892
A219BS010638 102.12085835000076 1240.0287717005035 -0.4879869137972821
A219BS010638 101.70078609336113 1240.2999364295638 -0.49098506578977497
A219BS010638 101.2807138367215 1240.571101158624 -0.49398321778226784
A219BS010638 100.86064158008188 1240.8422658876843 -0.4969813697747607
A219BS010638 100.4405157227348 1241.1133463173292 -0.5000901721136727
A219BS010638 100.02038986538771 1241.384426746974 -0.5031989744525848
A219BS010638 99.60026400804063 1241.6555071766188 -0.5063077767914969
A219BS010638 99.18013815069354 1241.9265876062636 -0.509416579130409
A219BS010638 98.76001229334645 1242.1976680359085 -0.5125253814693211
A219BS010638 98.4196463897369 1242.5639186458216 -0.5159227920117678
A219BS010638 98.07928048612739 1242.9301692557347 -0.5193202025542147
A219BS010638 97.73891458251788 1243.2964198656477 -0.5227176130966613
A219BS010638 97.39854867890838 1243.6626704755608 -0.526115023639108
A219BS010638 97.21689861026653 1244.128506052732 -0.5254312079350715
A219BS010638 97.03524854162468 1244.5943416299033 -0.524747392231035
A219BS010638 96.85359847298284 1245.0601772070745 -0.5240635765269984
A219BS010638 96.78492478268531 1245.555438592985 -0.5237739441785166
A219BS010638 96.77618702539971 1246.0553622324403 -0.5236945002885428
A219BS010638 96.79687133145165 1246.5549342081429 -0.5237184936014498
A219BS010638 96.83175298505718 1247.0537159888554 -0.5237924600805587
A219BS010638 96.87346539380187 1247.5519730162498 -0.5238904841906669
A219BS010638 97.00021818272617 1248.0356395428644 -0.5245397396038805
A219BS010638 97.16723976231043 1248.5069175499289 -0.5254518857364194
A219BS010638 97.35301189921287 1248.971124014686 -0.5264868873346087
A219BS010638 97.547546115008 1249.4317271467849 -0.5275794008254
A219BS010638 97.74619294589996 1249.8905715465849 -0.5286989314012033
A219BS010638 97.94677532094964 1250.3485731064372 -0.5298311823414769
A219BS010638 98.15033190600509 1250.8052606305755 -0.5309366130555567
A219BS010638 98.35528916678737 1251.261321292259 -0.532029369836981
A219BS010638 98.56090677420347 1251.7170846282647 -0.5331161418674701
A219BS010638 98.76683586472711 1252.1727073172688 -0.5342000887629116
A219BS010638 98.97291191766963 1252.6282635578712 -0.5352827022381014
A219BS010638 99.17904532345537 1253.083793851149 -0.5363647952557935
A219BS010638 99.29995859932387 1253.3509978000075 -0.5369995269775387
A219BS010402 99.29995859932387 1253.3509978000075 -0.5369995269775387
A219BS010402 99.54282366347584 1253.7880509785039 -0.5359604020469564
A219BS010402 99.7856887276278 1254.2251041570003 -0.534921277116374
A219BS010402 100.02855379177974 1254.6621573354967 -0.5338821521857918
A219BS010402 100.27141885593169 1255.099210513993 -0.5328430272552096
A219BS010402 100.51430984156119 1255.5362492874046 -0.5318039724782423
A219BS010402 100.75721378760909 1255.9732808576973 -0.5307649527794532
A219BS010402 101.0001242137861 1256.4103088262864 -0.5297259506200958
A219BS010402 101.24303788000762 1256.8473349939875 -0.5286869572305397
A219BS010402 101.48595316624636 1257.2843602612356 -0.527647968225906
A219BS010402 101.72886926249245 1257.7213850782553 -0.5266089814137388
A219BS010402 101.97002494792417 1258.159382528361 -0.525136200061628
A219BS010402 102.21029888731091 1258.5978635188972 -0.5234465284966635
A219BS010402 102.45013157481222 1259.0365855821608 -0.5216484151390842
A219BS010402 102.6897435433796 1259.4754280064792 -0.5197960821368968
A219BS010402 102.9292451299156 1259.914330567127 -0.5179166397930167
A219BS010402 103.1685481845416 1260.3533407549342 -0.5158910415651017
A219BS010402 103.40775194834077 1260.7924047080742 -0.5137923664261282
A219BS010402 103.64690606080093 1261.2314955316613 -0.5116571533043618
A219BS010402 103.88603534625356 1261.6705997873394 -0.509503671414856
A219BS010402 104.12515221793926 1262.1097107582414 -0.507341055249878
A219BS010402 104.36624570171186 1262.5477407836609 -0.5054360845417142
A219BS010402 104.60832563340331 1262.9852269571834 -0.5036599514324416
A219BS010402 104.85089831314625 1263.4224403662688 -0.5019482393527136
A219BS010402 105.0937172441964 1263.859517185602 -0.5002687378551031
A219BS010402 105.33678717323059 1264.2964542707323 -0.49853864037777923
A219BS010402 105.57998256710802 1264.7333214347382 -0.49678324576177507
A219BS010402 105.8232406840642 1265.1701536251267 -0.49501520295178236
A219BS010402 106.06653015982523 1265.6069683256653 -0.4932408362190865
A219BS010402 106.30983531410612 1266.0437742806298 -0.49146330760873463
A219BS010402 106.55280875840324 1266.4807676241057 -0.4906129406079853
A219BS010402 106.79561598530843 1266.9178540010976 -0.49022614510286194
A219BS010402 107.03834001425997 1267.354986728927 -0.49007112929357965
A219BS010402 107.28102242252662 1267.792142590362 -0.4900320001352551
A219BS010402 107.52359396364089 1268.2293599814811 -0.49001344187559726
A219BS010402 107.76611006672668 1268.6666081257604 -0.49000516877789485
A219BS010402 108.00859845007521 1269.103871643483 -0.490002038116978
A219BS010402 108.24746563960477 1269.5431237916137 -0.4901290377113216
A219BS010402 108.48451608418894 1269.9833590126427 -0.49032110013116253
A219BS010402 108.72065668450026 1270.4240829244554 -0.49054569105590695
A219BS010402 108.95559571305266 1270.8654485116258 -0.4908127577927019
A219BS010402 109.18993334226595 1271.3071336850428 -0.49110106024154887
A219BS010402 109.42397013132695 1271.7489783319643 -0.49139997954433634
A219BS010402 109.65785867471187 1272.190901466419 -0.4917041290774003
A219BS010402 109.88495861337287 1272.6199978012592 -0.4919994506835934